%!PS
%%BoundingBox: -465 -464 455 595 
%%HiResBoundingBox: -464.93001 -463.11 454.12001 594.35 
%%Creator: MetaPost 1.209
%%CreationDate: 2017.02.10:1555
%%Pages: 1
%%BeginProlog
%%EndProlog
%%Page: 1 1
 0 0 0 setrgbcolor 0 0.42001 dtransform truncate idtransform setlinewidth pop
 [] 0 setdash 1 setlinecap 1 setlinejoin 10 setmiterlimit
newpath 410.17 594.14 moveto
406.27 592.25 404.58 594.81 402.36 591.33 curveto
399.46 586.77 391.89 571.32 388.16 563.56 curveto
384.59 556.13 368.66 520.1 366.35 513.39 curveto
364.07 506.76 352.71 463.53 350.52 458.9 curveto
348.3 454.22 345.16 427.77 343.55 422.39 curveto
341.94 416.99 337.44 400.26 336.19 395.06 curveto
334.95 389.87 335.37 380.42 336.67 375.45 curveto
337.98 370.49 344.37 363.42 346.37 361.84 curveto
348.37 360.26 356.67 359.58 349.53 353.72 curveto
342.35 347.83 333.13 346.5 330.25 344.51 curveto
327.37 342.53 316.53 341.01 319.66 328 curveto
322.79 314.94 325.3 310.47 323.7 302.03 curveto
322.1 293.61 318.21 278.94 314.99 270.71 curveto
311.76 262.44 304.73 256.3 297.17 251.62 curveto
289.63 246.96 282.81 239.63 270.2 244.1 curveto
264.1 246.27 258.83 246.95 251.44 244.77 curveto
244.04 242.58 212.31 238.17 209.97 239.06 curveto
207.62 239.96 166.48 238.81 158.19 242.04 curveto
149.9 245.26 139.27 245.78 136.92 247.75 curveto
134.57 249.72 128.43 254.9 118.55 246.3 curveto
108.67 237.69 108.69 231.06 104.92 227.12 curveto
101.16 223.18 90.4 205.43 88.06 202.19 curveto
85.72 198.95 52.15 169.29 46.92 165.68 curveto
41.69 162.07 12.73 140.33 8.77 138.17 curveto
4.82 136.01 -23.28 119.43 -32.29 107.36 curveto
-41.3 95.27 -62.41 72.51 -65.3 68.72 curveto
-68.19 64.93 -116.96 17.77 -124.68 11.13 curveto
-132.4 4.5 -179.63 -47.52 -184.85 -51.85 curveto
-190.07 -56.17 -193.13 -66.79 -196.01 -70.4 curveto stroke
newpath -196.01 -70.4 moveto
-196.01 -70.4 -239.52 -130.19 -252.53 -146.11 curveto
-265.53 -162.02 -288.64 -180.85 -303.08 -195.31 curveto
-317.52 -209.78 -350.73 -245.19 -369.49 -264.7 curveto
-388.25 -284.2 -408.46 -309.47 -420 -325.35 curveto
-431.54 -341.22 -464.72 -378.03 -464.72 -378.03 curveto stroke
newpath -201.87 -462.9 moveto
-201.87 -462.9 -201.85 -445.59 -199.65 -421.78 curveto
-197.46 -397.97 -199.6 -380.66 -198.86 -365.5 curveto
-198.11 -350.35 -190.06 -273.82 -190.02 -255.04 curveto
-189.99 -236.26 -165.38 -185.67 -158.88 -174.1 curveto
-152.37 -162.54 -120.78 -108.58 -120.78 -108.58 curveto stroke
newpath -120.78 -108.58 moveto
-118.8 -104.43 -111.97 -97.42 -108.55 -91.66 curveto
-105.13 -85.91 -101.18 -83.04 -95.8 -78.2 curveto
-90.41 -73.36 -80.72 -65.84 -76.05 -60.28 curveto
-71.38 -54.72 -58.1 -42.71 -53.06 -38.58 curveto
-48.03 -34.45 -35.62 -20.42 -32.38 -15.92 curveto
-29.14 -11.42 -16.53 -0.78 -9.13 8.97 curveto
-1.73 18.72 28.76 48.55 32.19 51.8 curveto
35.61 55.04 41.74 62.08 45.17 68.03 curveto
48.59 73.97 59.01 84.2 60.99 88.16 curveto
62.96 92.11 86.86 113.81 88.66 116.15 curveto
90.46 118.49 105.22 131.27 109.9 135.96 curveto
114.59 140.64 121.26 145.69 125.04 147.85 curveto
128.82 150.01 129.72 150.19 133.32 154.16 curveto
136.93 158.13 151.35 170.03 156.75 173.64 curveto
162.16 177.25 173.66 176.14 179.59 176.13 curveto
185.52 176.11 211.96 184.18 217.72 186.52 curveto
223.48 188.86 262.43 199.6 270.18 201.42 curveto
277.93 203.23 293.23 206.64 300.25 212.4 curveto
307.26 218.15 314.27 230.56 316.97 234.52 curveto
319.68 238.5 325.1 245.19 327.44 247.9 curveto
329.79 250.61 329.79 252.23 330.51 254.75 curveto
331.23 257.27 336.07 265.16 338.57 270.34 curveto
341.06 275.52 345.17 281.23 347.5 288.77 curveto
349.84 296.34 352.56 301.05 358.01 308.14 curveto
363.45 315.22 365.61 316.3 367.41 319.91 curveto
369.21 323.5 369.34 336.38 370.21 339.04 curveto
371.08 341.69 374.93 349.45 377 357.21 curveto
379.07 365 378.49 372.49 377.59 375.73 curveto
376.69 378.96 377.95 382.58 378.72 388.58 curveto
379.49 394.62 382.89 405.12 383.66 408.62 curveto
384.43 412.12 388.44 417.98 393.66 421.54 curveto
398.79 425.05 400.99 435.76 404.18 441.51 curveto
407.3 447.16 416.8 462.28 419.65 469.64 curveto
422.48 476.96 421.66 478.79 423.51 482.42 curveto
425.36 486.05 428.13 491.75 431.5 504.57 curveto
434.86 517.33 453.91 558.23 453.91 558.23 curveto stroke
showpage
%%EOF
