%!PS
%%BoundingBox: -461 -353 332 325 
%%HiResBoundingBox: -460.66 -352.72466 331.3049 324.43973 
%%Creator: MetaPost 1.209
%%CreationDate: 2017.02.10:1555
%%Pages: 1
%%BeginProlog
%%EndProlog
%%Page: 1 1
 0 0 0 setrgbcolor 0 1.2 dtransform truncate idtransform setlinewidth pop
 [] 0 setdash 1 setlinecap 1 setlinejoin 10 setmiterlimit
newpath -254.65 232.24 moveto
-251.05 237.64 -275.53 195.16 -277.87 176.62 curveto
-278.71 169.92 -280.39 155.2 -280.57 147.82 curveto
-280.79 138.77 -283.63 117.94 -282.37 115.24 curveto
-281.11 112.54 -282.55 106.24 -282.55 101.02 curveto
-282.55 95.8 -283.99 79.24 -284.17 76.54 curveto
-284.36 73.84 -288.86 32.25 -290.3 21.63 curveto
-291.74 11.01 -289.77 -15.44 -288.69 -19.94 curveto stroke
newpath -201.12 -15.9 moveto
-199.86 -11.58 -195.26 3.46 -190.4 11.02 curveto
-185.54 18.58 -175.81 36.94 -172.93 41.62 curveto
-170.05 46.3 -154.57 75.28 -153.31 78.16 curveto
-152.05 81.04 -146.83 107.5 -140.89 127.84 curveto
-138 137.72 -138.1 149.98 -138.86 156.06 curveto stroke
newpath -288.69 -19.94 moveto
-287.61 -24.44 -283.46 -54.69 -282.56 -57.39 curveto
-281.66 -60.09 -283.46 -95.19 -284.36 -100.05 curveto
-285.26 -104.91 -291.38 -127.76 -292.64 -131 curveto
-293.9 -134.24 -296.96 -147.02 -298.4 -150.08 curveto
-299.84 -153.14 -305.78 -164.66 -307.22 -167.54 curveto
-308.66 -170.42 -310.46 -170.96 -316.94 -168.8 curveto stroke
newpath -329 -172.94 moveto
-335.48 -170.78 -321.26 -174.38 -321.08 -176.18 curveto
-320.9 -177.98 -318.38 -185.9 -318.38 -190.22 curveto
-318.38 -194.54 -321.08 -198.14 -323.06 -201.92 curveto
-325.05 -205.7 -332.6 -208.22 -338.01 -209.84 curveto
-343.41 -211.46 -354.39 -211.46 -358.35 -211.1 curveto
-362.31 -210.74 -380.85 -215.06 -384.27 -216.32 curveto
-387.69 -217.57 -411.99 -226.93 -428.01 -236.29 curveto
-444.03 -245.65 -442.05 -259.15 -444.03 -265.27 curveto
-446.01 -271.39 -447.99 -284.89 -448.36 -289.03 curveto
-448.72 -293.17 -454.66 -288.31 -458.26 -288.85 curveto stroke
newpath -316.94 -168.8 moveto
-322.16 -163.94 lineto stroke
newpath -421.5754 -310.54617 moveto
-444.86911 -304.51138 lineto
-420.92638 -302.11105 lineto
 closepath fill
newpath -309.47455 -181.11725 moveto
-322.63818 -170.25641 lineto
-306.52911 -175.88995 lineto
 closepath fill
newpath -248.72 -170.42 moveto
-248.18 -169.16 -247.1 -164.66 -245.84 -159.98 curveto
-244.58 -155.3 -247.1 -146.66 -247.28 -140.9 curveto
-247.46 -135.14 -247.64 -125.96 -248.18 -120.93 curveto
-248.72 -115.89 -245.49 -101.85 -244.77 -98.61 curveto
-244.05 -95.37 -237.93 -79.89 -233.79 -77.01 curveto
-229.65 -74.13 -215.25 -52.35 -213.45 -47.31 curveto
-211.65 -42.27 -202.38 -20.22 -201.12 -15.9 curveto stroke
 0.6 0 dtransform exch truncate exch idtransform pop setlinewidth
newpath -423.33 -258.61008 moveto
-423.33 -262.20993 lineto stroke
 0 0.6 dtransform truncate idtransform setlinewidth pop
newpath -425.12993 -265.20993 moveto
-423.33 -262.20993 lineto
-421.53008 -265.20993 lineto stroke
newpath -425.12993 -255.61008 moveto
-423.33 -258.61008 lineto
-421.53008 -255.61008 lineto stroke
newpath -419.01 -303.14008 moveto
-419.01 -309.73993 lineto
-420.80992 -312.73993 lineto stroke
newpath -419.01 -309.73993 moveto
-417.21007 -312.73993 lineto stroke
newpath -384.81 -317.90007 moveto
-384.81 -324.49992 lineto
-386.60992 -327.49992 lineto stroke
newpath -384.81 -324.49992 moveto
-383.01007 -327.49992 lineto stroke
newpath -389.13 -235.46007 moveto
-389.13 -242.05992 lineto
-390.92993 -245.05992 lineto stroke
newpath -389.13 -242.05992 moveto
-387.33008 -245.05992 lineto stroke
newpath -132.2902 -96.09477 moveto
-133.14644 -96.59912 -132.58969 -98.21797 -133.62727 -98.55356 curveto
-134.97356 -98.98895 -135.33286 -95.84464 -136.82266 -96.6756 curveto
-138.43944 -97.5774 -135.71019 -99.48003 -136.66821 -100.48419 curveto
-137.74326 -101.61101 -138.84718 -99.50574 -140.01514 -99.53088 curveto
-141.43742 -99.56151 -141.52925 -101.53696 -142.6298 -102.18523 curveto stroke
newpath -142.0324 -99.76724 moveto
-142.23442 -100.54823 -142.14102 -101.53658 -142.6298 -102.18523 curveto
-141.8255 -102.07219 -141.19267 -101.30731 -140.49759 -100.89793 curveto
 closepath stroke
newpath -142.0324 -99.76724 moveto
-142.23442 -100.54823 -142.14102 -101.53658 -142.6298 -102.18523 curveto
-141.8255 -102.07219 -141.19267 -101.30731 -140.49759 -100.89793 curveto
 closepath fill
newpath -253.6207 -189.35425 moveto
-254.53813 -189.73613 -254.20917 -191.41614 -255.28302 -191.60591 curveto
-256.67638 -191.85214 -256.6001 -188.68826 -258.18997 -189.30658 curveto
-259.91536 -189.97758 -257.47353 -192.23732 -258.56049 -193.10028 curveto
-259.78021 -194.06863 -260.5843 -191.8316 -261.74461 -191.69598 curveto
-263.15761 -191.53082 -263.5201 -193.47491 -264.69931 -193.96576 curveto stroke
newpath -263.77522 -191.65283 moveto
-264.08267 -192.39865 -264.126 -193.39044 -264.69931 -193.96576 curveto
-263.88712 -193.96436 -263.15515 -193.29372 -262.41039 -192.98375 curveto
 closepath stroke
newpath -263.77522 -191.65283 moveto
-264.08267 -192.39865 -264.126 -193.39044 -264.69931 -193.96576 curveto
-263.88712 -193.96436 -263.15515 -193.29372 -262.41039 -192.98375 curveto
 closepath fill
newpath -219.77069 -182.87424 moveto
-220.68813 -183.25612 -220.35916 -184.93613 -221.43301 -185.1259 curveto
-222.82637 -185.37213 -222.75009 -182.20825 -224.33997 -182.82657 curveto
-226.06535 -183.49757 -223.62352 -185.75731 -224.71048 -186.62027 curveto
-225.9302 -187.58862 -226.7343 -185.3516 -227.8946 -185.21597 curveto
-229.3076 -185.05081 -229.67009 -186.9949 -230.8493 -187.48575 curveto stroke
newpath -229.92522 -185.17282 moveto
-230.23267 -185.91864 -230.276 -186.91043 -230.8493 -187.48575 curveto
-230.03711 -187.48434 -229.30515 -186.8137 -228.56038 -186.50374 curveto
 closepath stroke
newpath -229.92522 -185.17282 moveto
-230.23267 -185.91864 -230.276 -186.91043 -230.8493 -187.48575 curveto
-230.03711 -187.48434 -229.30515 -186.8137 -228.56038 -186.50374 curveto
 closepath fill
newpath -97.0102 -57.57477 moveto
-97.86642 -58.07912 -97.30968 -59.69797 -98.34726 -60.03355 curveto
-99.69354 -60.46895 -100.05284 -57.32463 -101.54265 -58.1556 curveto
-103.15942 -59.05739 -100.43018 -60.96002 -101.3882 -61.96419 curveto
-102.46324 -63.091 -103.56717 -60.98573 -104.73512 -61.01088 curveto
-106.15741 -61.0415 -106.24924 -63.01695 -107.3498 -63.66522 curveto stroke
newpath -106.75238 -61.24724 moveto
-106.9544 -62.02823 -106.86101 -63.01657 -107.3498 -63.66522 curveto
-106.54549 -63.55219 -105.91266 -62.78731 -105.21758 -62.37793 curveto
 closepath stroke
newpath -106.75238 -61.24724 moveto
-106.9544 -62.02823 -106.86101 -63.01657 -107.3498 -63.66522 curveto
-106.54549 -63.55219 -105.91266 -62.78731 -105.21758 -62.37793 curveto
 closepath fill
newpath -272.68121 -257.43163 moveto
-272.1709 -258.2843 -270.55598 -257.7163 -270.21318 -258.7515 curveto
-269.7684 -260.0947 -272.91013 -260.47592 -272.06879 -261.95988 curveto
-271.15573 -263.57031 -269.27219 -260.82787 -268.26138 -261.77885 curveto
-267.1271 -262.84601 -269.2246 -263.96458 -269.1913 -265.13234 curveto
-269.15076 -266.55434 -267.17473 -266.63239 -266.5188 -267.72838 curveto stroke
newpath -268.94089 -267.14787 moveto
-268.1585 -267.34442 -267.17085 -267.24414 -266.5188 -267.72838 curveto
-266.63744 -266.9249 -267.40671 -266.29742 -267.82094 -265.60521 curveto
 closepath stroke
newpath -268.94089 -267.14787 moveto
-268.1585 -267.34442 -267.17085 -267.24414 -266.5188 -267.72838 curveto
-266.63744 -266.9249 -267.40671 -266.29742 -267.82094 -265.60521 curveto
 closepath fill
 0 1.2 dtransform truncate idtransform setlinewidth pop
newpath 280.32 318.83 moveto
276.18 313.97 272.94 311.09 266.82 307.31 curveto
260.7 303.53 258.72 305.15 253.5 304.07 curveto
248.28 302.99 241.08 298.85 237.3 293.63 curveto
233.52 288.41 226.49 284.81 225.05 279.95 curveto
223.61 275.09 227.21 270.77 218.93 262.31 curveto
210.65 253.85 201.83 245.57 197.69 242.33 curveto
193.55 239.09 187.97 231.17 181.13 226.49 curveto
174.29 221.81 159.53 213.53 155.39 208.31 curveto
151.25 203.09 143.33 196.97 140.27 191.93 curveto
137.21 186.89 127.67 175.37 121.91 171.59 curveto
116.15 167.81 108.77 163.85 102.29 157.91 curveto
95.81 151.97 86.45 144.95 79.97 141.35 curveto
73.49 137.75 60.71 129.29 54.41 122.27 curveto
48.11 115.25 43.25 106.25 36.77 101.93 curveto
30.29 97.61 18.59 90.23 11.57 79.79 curveto
4.55 69.35 0.77 59.45 -2.83 57.29 curveto
-6.43 55.13 -18.85 49.18 -22.09 45.22 curveto
-25.32 41.26 -47.1 24.52 -49.44 19.84 curveto
-51.78 15.16 -66.9 -4.82 -69.96 -9.86 curveto
-73.02 -14.9 -76.98 -23.9 -86.16 -26.6 curveto
-95.34 -29.3 -104.16 -26.42 -112.44 -33.44 curveto
-120.72 -40.46 -126.84 -45.86 -128.28 -47.84 curveto
-129.72 -49.82 -136.2 -50.72 -138.18 -51.08 curveto
-140.16 -51.44 -143.4 -54.14 -144.84 -59.54 curveto
-146.28 -64.94 -150.24 -75.02 -154.92 -79.52 curveto
-159.6 -84.02 -159.96 -90.86 -164.82 -94.46 curveto
-169.68 -98.06 -175.63 -101.66 -176.71 -104.9 curveto
-177.79 -108.14 -179.95 -118.58 -181.93 -120.92 curveto
-183.91 -123.26 -196.15 -131.72 -199.03 -133.52 curveto
-201.91 -135.32 -211.09 -147.38 -214.15 -148.1 curveto
-217.22 -148.82 -221.9 -147.38 -227.48 -152.96 curveto
-233.06 -158.54 -235.94 -161.96 -239.36 -164.3 curveto
-242.78 -166.64 -248.9 -170.78 -251.6 -171.5 curveto
-254.3 -172.22 -257.71 -176.18 -260.6 -176.18 curveto
-263.48 -176.18 -266 -177.44 -269.78 -177.44 curveto stroke
newpath -460.06 -315.14 moveto
-459.16 -315.32 -450.7 -318.92 -441.7 -319.28 curveto
-432.7 -319.64 -429.82 -322.34 -424.24 -324.32 curveto
-418.66 -326.3 -415.23 -324.32 -407.13 -322.7 curveto
-399.03 -321.08 -394.17 -332.78 -392.19 -336.38 curveto
-390.21 -339.98 -370.77 -347.36 -362.13 -351.32 curveto
-353.49 -355.28 -336.03 -343.58 -330.09 -338.9 curveto
-324.15 -334.22 -315.15 -320.36 -311.19 -315.32 curveto
-307.23 -310.28 -295.89 -300.92 -293.19 -295.16 curveto
-290.49 -289.4 -291.21 -281.66 -287.07 -271.4 curveto
-282.92 -261.14 -277.7 -258.26 -274.64 -253.94 curveto
-271.58 -249.62 -258.44 -241.7 -255.2 -237.38 curveto
-251.96 -233.06 -253.94 -229.46 -249.08 -220.46 curveto
-244.22 -211.46 -237.92 -210.02 -235.94 -207.5 curveto
-233.96 -204.98 -226.03 -200.48 -223.15 -198.68 curveto
-220.27 -196.88 -214.87 -192.56 -211.81 -189.32 curveto
-208.75 -186.08 -199.39 -181.58 -195.43 -178.16 curveto
-191.47 -174.74 -188.05 -171.32 -183.91 -168.08 curveto
-179.77 -164.84 -173.47 -161.06 -170.59 -158.36 curveto
-167.71 -155.66 -164.47 -151.52 -158.89 -142.88 curveto
-153.31 -134.24 -146.65 -138.2 -141.25 -138.74 curveto
-135.85 -139.28 -126.49 -136.58 -116.04 -133.34 curveto
-105.6 -130.1 -101.82 -120.38 -97.5 -114.08 curveto
-93.18 -107.78 -89.22 -97.52 -87.6 -94.28 curveto
-85.98 -91.04 -81.12 -83.84 -79.14 -81.68 curveto
-77.16 -79.52 -69.6 -73.22 -67.98 -69.62 curveto
-66.36 -66.02 -66 -61.16 -63.3 -58.64 curveto
-60.6 -56.12 -52.86 -53.6 -49.62 -52.34 curveto
-46.38 -51.08 -41.16 -48.2 -34.86 -44.6 curveto
-28.56 -41 -27.48 -37.4 -26.76 -34.16 curveto
-26.04 -30.92 -19.38 -20.84 -15.42 -14.72 curveto
-11.46 -8.59 -0.48 5.09 2.04 8.87 curveto
4.56 12.65 2.76 19.49 2.4 22.19 curveto
2.04 24.89 4.92 25.25 7.44 26.69 curveto
9.96 28.13 21.66 39.29 23.82 40.73 curveto
25.97 42.17 29.39 45.77 37.31 47.57 curveto
45.23 49.37 61.07 61.43 63.77 65.39 curveto
66.47 69.35 91.31 86.09 94.37 88.43 curveto
97.43 90.77 111.65 108.77 114.53 112.01 curveto
117.41 115.25 120.47 123.71 122.99 125.51 curveto
125.51 127.31 126.05 132.35 131.27 133.61 curveto
136.49 134.87 140.27 133.25 144.95 133.43 curveto
149.63 133.61 157.73 141.35 161.15 145.67 curveto
164.57 149.99 180.41 161.33 184.37 164.03 curveto
188.33 166.73 204.89 175.73 212.63 180.77 curveto
220.37 185.81 240.71 201.46 251.87 211 curveto
263.03 220.54 269.15 215.32 273.29 214.42 curveto
277.43 213.52 283.91 214.6 291.83 216.76 curveto
299.75 218.92 310.74 234.04 310.38 242.32 curveto
310.02 250.6 316.68 255.64 317.22 263.74 curveto
317.76 271.84 322.98 277.06 324.42 277.78 curveto stroke
newpath 331.3049 317.07504 moveto
309.81401 305.36261 lineto
325.1471 324.43973 lineto
 closepath fill
showpage
%%EOF
