%!PS
%%BoundingBox: -1 -1 39 24 
%%HiResBoundingBox: -0.42 -0.42 38.09999 23.70609 
%%Creator: MetaPost 1.209
%%CreationDate: 2017.02.12:0802
%%Pages: 1
%%BeginProlog
%%EndProlog
%%Page: 1 1
gsave newpath 0 0 moveto
37.68 0 lineto
37.68 23.28609 lineto
0 23.28609 lineto
 closepath clip
 1 1 1 setrgbcolor
newpath 0 0 moveto
37.68 0 lineto
37.68 23.28609 lineto
0 23.28609 lineto
 closepath fill
gsave newpath 0.00002 0 moveto
37.68 0 lineto
37.68 23.28609 lineto
0 23.28609 lineto
0 -0.00002 lineto
 closepath clip
 0 0 0 setrgbcolor 0 0.6 dtransform truncate idtransform setlinewidth pop
 [] 0 setdash 1 setlinejoin 10 setmiterlimit
newpath -5.83792 -2.52223 moveto
-5.99011 -2.87943 -5.89212 -3.28728 -5.63876 -3.58545 curveto
-5.23874 -4.05621 -4.66772 -4.32532 -4.10045 -4.56702 curveto
-3.53317 -4.80872 -2.94354 -5.03415 -2.32693 -4.99655 curveto
-1.93637 -4.97276 -1.57434 -4.76093 -1.42215 -4.40373 curveto
-1.26996 -4.04654 -1.36795 -3.63869 -1.6213 -3.34052 curveto
-2.02133 -2.86975 -2.59235 -2.60065 -3.15962 -2.35895 curveto
-3.7269 -2.11725 -4.31653 -1.89182 -4.93314 -1.92941 curveto
-5.3237 -1.9532 -5.68573 -2.16504 -5.83792 -2.52223 curveto closepath stroke
newpath -4.56436 16.16687 moveto
-4.36427 16.49959 -4.40495 16.91708 -4.61469 17.2474 curveto
-4.94579 17.76894 -5.47415 18.11438 -6.00258 18.43216 curveto
-6.531 18.74994 -7.08382 19.0547 -7.6997 19.10269 curveto
-8.0898 19.13309 -8.47765 18.97331 -8.67773 18.6406 curveto
-8.87782 18.30788 -8.83714 17.89038 -8.62741 17.56006 curveto
-8.29631 17.03853 -7.76794 16.69308 -7.23952 16.3753 curveto
-6.71109 16.05753 -6.15828 15.75276 -5.54239 15.70477 curveto
-5.1523 15.67438 -4.76445 15.83415 -4.56436 16.16687 curveto closepath stroke
newpath 11.16502 -2.85146 moveto
10.94122 -3.16873 10.95142 -3.58807 11.13652 -3.9328 curveto
11.4288 -4.47705 11.93059 -4.86005 12.43448 -5.21547 curveto
12.93837 -5.57089 13.46753 -5.9151 14.0783 -6.00781 curveto
14.46515 -6.06653 14.86359 -5.93542 15.08739 -5.61815 curveto
15.31119 -5.30087 15.301 -4.88153 15.11589 -4.5368 curveto
14.82361 -3.99255 14.32182 -3.60956 13.81793 -3.25414 curveto
13.31404 -2.89871 12.78488 -2.5545 12.17412 -2.46179 curveto
11.78726 -2.40308 11.38882 -2.53418 11.16502 -2.85146 curveto closepath stroke
newpath 14.49892 10.23102 moveto
14.69391 10.56676 14.64685 10.98358 14.4321 11.31067 curveto
14.09306 11.82709 13.55948 12.16441 13.02626 12.4741 curveto
12.49304 12.7838 11.93562 13.08008 11.31906 13.11865 curveto
10.92856 13.1431 10.54318 12.9774 10.34819 12.64166 curveto
10.1532 12.30592 10.20026 11.8891 10.41501 11.56201 curveto
10.75404 11.0456 11.28763 10.70827 11.82085 10.39857 curveto
12.35406 10.08888 12.91148 9.7926 13.52805 9.75403 curveto
13.91855 9.72958 14.30392 9.89528 14.49892 10.23102 curveto closepath stroke
newpath 32.2952 12.91602 moveto
32.51303 12.59462 32.90897 12.4561 33.29683 12.5076 curveto
33.90923 12.58888 34.4447 12.92316 34.95512 13.26912 curveto
35.46555 13.61508 35.97441 13.98863 36.27678 14.52734 curveto
36.46829 14.86855 36.4863 15.28761 36.26846 15.60901 curveto
36.05063 15.9304 35.6547 16.06892 35.26683 16.01743 curveto
34.65443 15.93614 34.11896 15.60187 33.60854 15.2559 curveto
33.09811 14.90994 32.58925 14.53639 32.28688 13.99768 curveto
32.09537 13.65648 32.07736 13.23741 32.2952 12.91602 curveto closepath stroke
grestore
grestore
 0 0 0 setrgbcolor 0 0.84 dtransform truncate idtransform setlinewidth pop
 [] 0 setdash 1 setlinejoin 10 setmiterlimit
newpath 0 0 moveto
37.68 0 lineto
37.68 23.28609 lineto
0 23.28609 lineto
 closepath stroke
showpage
%%EOF
