%!PS
%%BoundingBox: -322 -649 429 655 
%%HiResBoundingBox: -321.09001 -648.81001 428.73001 654.5 
%%Creator: MetaPost 1.209
%%CreationDate: 2017.02.10:1555
%%Pages: 1
%%BeginProlog
%%EndProlog
%%Page: 1 1
 0 0 0 setrgbcolor 0 0.42001 dtransform truncate idtransform setlinewidth pop
 [] 0 setdash 1 setlinecap 1 setlinejoin 10 setmiterlimit
newpath -274.63 -633.14 moveto
-273.37 -629.9 -275.53 -625.94 -273.37 -624.32 curveto
-271.21 -622.7 -268.15 -620.54 -264.19 -616.58 curveto
-260.23 -612.61 -258.25 -604.69 -255.01 -602.53 curveto
-251.77 -600.37 -230.89 -596.4 -227.65 -596.94 curveto
-224.41 -597.48 -214.33 -596.21 -209.29 -597.65 curveto
-204.24 -599.08 -185.7 -602.85 -182.82 -600.86 curveto
-179.94 -598.88 -179.94 -601.04 -178.14 -589.89 curveto
-176.34 -578.73 -174.9 -555.87 -174.36 -551.73 curveto
-173.82 -547.59 -172.38 -515.01 -169.68 -504.76 curveto
-166.98 -494.51 -155.65 -465.2 -152.95 -459.8 curveto
-150.25 -454.41 -136.75 -428.47 -134.77 -423.97 curveto
-132.79 -419.46 -116.41 -378.77 -109.57 -369.77 curveto
-102.73 -360.78 -102.01 -351.96 -100.39 -347.28 curveto
-98.77 -342.6 -95.53 -332.33 -95.53 -328.19 curveto
-95.53 -324.05 -95.17 -309.28 -92.65 -305.68 curveto
-90.13 -302.07 -85.45 -286.23 -85.63 -279.76 curveto
-85.81 -273.28 -81.68 -252.96 -80.78 -245.59 curveto
-79.88 -238.21 -78.08 -235.33 -75.57 -230.65 curveto
-73.05 -225.97 -62.61 -208.88 -60.09 -202.75 curveto
-57.57 -196.63 -41.17 -162.38 -39.37 -155.89 curveto
-37.56 -149.41 -28.21 -126.75 -26.23 -122.43 curveto
-24.25 -118.11 -19.57 -107.85 -15.6 -101 curveto
-11.64 -94.15 0.61 -78.1 4.75 -67.29 curveto
8.9 -56.49 11.23 -42.46 11.77 -38.69 curveto
12.31 -34.91 14.99 -9.24 14.63 -2.95 curveto
14.27 3.35 12.29 14.15 16.62 26.6 curveto
20.95 39.05 27.98 49.7 29.06 55.28 curveto
30.14 60.86 35.54 73.45 36.44 78.13 curveto
37.34 82.8 38.96 102.24 44.01 111.62 curveto
49.05 121 55.18 136.14 58.96 142.25 curveto
62.74 148.36 69.03 159.31 74.07 162.37 curveto
79.11 165.44 87.76 167.63 90.64 176.08 curveto
93.52 184.55 95.15 192.67 97.67 197.19 curveto
100.2 201.71 106.15 218.51 111.74 229.52 curveto
117.32 240.51 125.59 255.77 128.64 260.43 curveto
131.69 265.09 137.25 278.68 139.94 282.08 curveto
142.64 285.47 149.46 295.86 150.9 300.72 curveto
152.34 305.58 152.35 314.25 156.5 319.7 curveto
160.66 325.14 178.33 343.24 181.03 345.4 curveto
183.73 347.56 189.85 354.95 195.24 352.76 curveto
200.64 350.57 211.05 343.99 213.02 342.53 curveto
215 341.07 222.91 335.39 222.91 335.39 curveto
222.91 335.39 214.63 333.86 214.46 325.79 curveto
214.3 317.74 216.83 310.22 219.36 304.13 curveto
221.89 298.05 233.78 276.33 235.94 274.17 curveto
238.1 272.01 247.1 260.12 253.75 256.14 curveto
260.4 252.16 275.5 245.98 279.82 245.24 curveto
284.13 244.5 289.35 246.82 292.04 245.18 curveto
294.74 243.55 299.77 240.47 301.93 238.84 curveto
304.09 237.21 304.99 237.03 304.09 232.18 curveto
303.2 227.34 302.12 227.34 304.82 223.56 curveto
307.52 219.79 319.41 212.78 326.42 220.13 curveto
333.44 227.49 334.87 238.81 336.13 244.03 curveto
337.39 249.25 339.02 255.92 342.08 258.45 curveto
345.14 260.98 353.26 269.67 354.7 272.93 curveto
356.14 276.18 360.12 282.53 357.24 288.48 curveto
354.36 294.44 354.36 294.26 345.35 297.83 curveto
336.35 301.41 326.62 304.61 323.73 307.47 curveto
320.84 310.33 306.07 315.66 309.14 325.07 curveto
312.22 334.52 320.37 348.19 323.26 352.93 curveto
326.15 357.66 333.38 380.08 335.36 383.69 curveto
337.35 387.3 341.67 399.38 343.12 401.74 curveto
344.56 404.1 356.34 437.36 359.4 445.43 curveto
362.41 453.39 374.35 467.45 375.93 471.66 curveto
377.54 475.92 380.48 483.51 386.3 489.88 curveto
392.25 496.41 412.66 511.01 404.82 528.57 curveto
396.96 546.16 394.84 547.61 394.36 552.37 curveto
393.88 557.08 393.96 566.76 394.34 571.36 curveto
394.72 575.92 402.6 588.51 402.8 591.14 curveto
403 593.78 400.78 593.88 400.71 600.13 curveto
400.63 606.45 396.16 606.91 401.08 612.71 curveto
405.33 617.73 410.03 618.64 414.01 621.43 curveto
419.86 625.53 424.86 637.72 428.52 644.21 curveto stroke
newpath 405 654.29 moveto
398.81 646.81 396.72 647.16 388.59 637.72 curveto
380.42 628.24 374.64 616.81 371.22 609.56 curveto
368.46 603.72 364.29 596.44 362.24 591.79 curveto
360.15 587.03 357.37 575.36 355.61 571.05 curveto
353.82 566.64 344.95 541.91 343.23 535.85 curveto
341.52 529.77 335.49 523.72 334.28 514.27 curveto
333.08 504.87 332.5 500.94 331.55 495.18 curveto
330.61 489.46 327.54 485.46 325.52 476.66 curveto
323.49 467.87 321.09 457.39 320.35 453.88 curveto
319.6 450.37 311.17 432.55 309.7 427.76 curveto
308.24 423 304.09 416.48 302.11 412 curveto
300.15 407.54 295.87 397.96 294.27 391.39 curveto
292.67 384.79 287.81 379.43 286.38 375.29 curveto
284.94 371.15 277.19 360.85 276.47 360.13 curveto
275.74 359.4 275.74 355.8 264.22 355.58 curveto
252.68 355.37 244.75 354.21 240.6 353.64 curveto
236.45 353.07 228.34 354.3 224.22 359.57 curveto
220.09 364.84 210.03 373.93 206.98 377.19 curveto
203.93 380.45 199.97 387.14 194.21 390.54 curveto
188.44 393.94 179.96 401.08 174.54 401.38 curveto
169.13 401.68 160.11 403.94 154.87 402.46 curveto
149.65 400.99 141.01 386.61 135.81 379.83 curveto
130.61 373.06 131.33 365.17 128.1 356.75 curveto
124.87 348.3 117.31 338.76 114.42 332.27 curveto
111.54 325.78 96.61 309.26 91.4 303.16 curveto
86.18 297.06 75.57 293.14 72.7 286.3 curveto
69.82 279.45 67.12 278.38 71.07 269.89 curveto
75.03 261.41 77.72 250.4 77.72 246.79 curveto
77.71 243.18 75.89 225.64 72.64 217.49 curveto
69.39 209.34 60.55 192.89 56.23 186.77 curveto
51.91 180.65 42.74 174.75 40.04 170.45 curveto
37.35 166.15 26.55 153.58 22.95 147.82 curveto
19.35 142.05 13.76 130.86 13.04 128.51 curveto
12.32 126.16 7.08 112.98 6 108.47 curveto
4.92 103.97 4.74 103.97 0.42 100.91 curveto
-3.9 97.86 -7.86 96.25 -7.86 92.65 curveto
-7.85 89.06 -5.88 88.16 -4.79 83.66 curveto
-3.71 79.17 -0.47 76.65 -1.73 70.73 curveto
-2.98 64.8 -9.46 60.32 -12.88 55.64 curveto
-16.3 50.97 -18.28 42.86 -19.18 38.18 curveto
-20.08 33.5 -18.11 24.3 -19.01 17.09 curveto
-19.91 9.89 -22.43 5.04 -23.69 0.36 curveto
-24.95 -4.32 -25.67 -15.47 -29.27 -23.56 curveto
-32.87 -31.65 -44.57 -46.96 -46.19 -51.11 curveto
-47.82 -55.26 -55.75 -73.48 -57.91 -78.71 curveto
-60.07 -83.93 -64.4 -88.25 -62.06 -94.56 curveto
-59.72 -100.87 -55.58 -107.71 -58.1 -113.28 curveto
-60.61 -118.85 -62.95 -133.94 -65.29 -143.48 curveto
-67.63 -153.02 -71.77 -165.81 -72.68 -170.31 curveto
-73.58 -174.82 -75.2 -185.28 -81.32 -190.68 curveto
-87.44 -196.08 -98.42 -203.82 -99.86 -207.96 curveto
-101.3 -212.1 -105.8 -228.49 -106.88 -231.73 curveto
-107.96 -234.97 -118.4 -244.86 -121.46 -251.51 curveto
-124.51 -258.16 -132.79 -270.93 -134.41 -277.23 curveto
-136.03 -283.53 -138.19 -296.14 -136.75 -303.71 curveto
-135.31 -311.28 -131.18 -323.17 -130.82 -328.94 curveto
-130.46 -334.7 -130.28 -341.72 -137.66 -350.72 curveto
-145.03 -359.7 -150.07 -369.95 -156.91 -379.12 curveto
-163.75 -388.3 -170.95 -402.52 -172.75 -408.29 curveto
-174.55 -414.05 -184.99 -432.42 -187.87 -437.64 curveto
-190.74 -442.86 -205.32 -462.46 -206.94 -465.34 curveto
-208.56 -468.21 -221.34 -487.65 -230.16 -495.58 curveto
-238.98 -503.5 -250.5 -509.99 -256.44 -512.15 curveto
-262.38 -514.31 -278.4 -523.12 -281.64 -531.76 curveto
-284.88 -540.41 -286.5 -550.13 -285.78 -557.33 curveto
-285.06 -564.53 -282.73 -575.52 -283.81 -581.1 curveto
-284.89 -586.68 -285.79 -591.72 -289.03 -594.42 curveto
-292.27 -597.12 -296.23 -600 -296.23 -600 curveto stroke
newpath -296.23 -600 moveto
-296.23 -600 -296.95 -600.72 -299.11 -601.98 curveto
-301.27 -603.24 -300.19 -605.94 -305.23 -605.04 curveto
-310.27 -604.13 -314.22 -604.13 -314.22 -604.13 curveto stroke
newpath -314.22 -604.13 moveto
-314.22 -604.13 -316.92 -603.59 -320.88 -610.78 curveto stroke
newpath -289.3 -648.6 moveto
-289.3 -648.6 -286.5 -645.48 -283.99 -643.93 curveto
-280.21 -641.59 -279.31 -642.31 -277.33 -640.69 curveto
-275.65 -639.32 -274.63 -633.14 -274.63 -633.14 curveto stroke
showpage
%%EOF
