%!PS
%%BoundingBox: -349 -305 406 449 
%%HiResBoundingBox: -348.68466 -304.23001 405.31001 448.61815 
%%Creator: MetaPost 1.209
%%CreationDate: 2017.02.10:1555
%%Pages: 1
%%BeginProlog
%%EndProlog
%%Page: 1 1
 0 0 0 setrgbcolor 0 0.42001 dtransform truncate idtransform setlinewidth pop
 [] 0 setdash 1 setlinecap 1 setlinejoin 10 setmiterlimit
newpath -272.95 -284.4 moveto
-269.17 -281.16 -267.01 -278.28 -263.59 -277.2 curveto
-260.17 -276.12 -248.11 -273.24 -240.37 -276.3 curveto
-232.63 -279.36 -214.63 -285.48 -208.87 -285.12 curveto
-203.11 -284.76 -188.17 -278.82 -184.57 -275.76 curveto
-180.97 -272.7 -167.83 -266.22 -165.67 -266.22 curveto
-163.51 -266.22 -154.69 -260.1 -151.63 -257.4 curveto
-148.57 -254.7 -134.89 -249.48 -132.91 -248.58 curveto
-130.93 -247.68 -126.25 -243.54 -124.45 -239.04 curveto
-122.65 -234.54 -122.83 -233.28 -118.15 -230.94 curveto
-113.47 -228.6 -86.12 -214.02 -80.9 -212.22 curveto
-75.68 -210.42 -51.92 -203.4 -44.36 -203.22 curveto
-36.8 -203.04 -16.28 -198.9 -7.82 -198.72 curveto
0.64 -198.54 27.27 -194.94 30.69 -195.12 curveto
34.11 -195.3 51.57 -191.16 54.63 -189 curveto
57.69 -186.84 74.07 -174.06 74.97 -170.64 curveto
75.87 -167.22 74.25 -166.32 73.89 -160.92 curveto
73.53 -155.52 69.93 -155.34 73.89 -149.04 curveto
77.85 -142.75 90.81 -134.83 95.85 -129.97 curveto
100.89 -125.11 111.15 -113.23 113.67 -109.27 curveto
116.19 -105.31 130.05 -84.25 131.31 -81.01 curveto
132.57 -77.77 142.47 -48.07 146.07 -42.67 curveto
149.67 -37.27 162.45 -18.19 166.77 -14.23 curveto
171.09 -10.27 180.99 8.09 181.71 14.21 curveto
182.43 20.33 182.07 41.39 181.71 45.35 curveto
181.35 49.31 180.63 61.37 185.67 68.93 curveto
190.71 76.49 203.13 93.59 209.97 96.83 curveto
216.81 100.07 227.08 111.77 233.38 116.27 curveto
239.68 120.77 246.88 121.67 249.04 120.94 curveto stroke
newpath 249.04 120.94 moveto
249.04 120.94 265.42 120.04 269.2 118.42 curveto
272.98 116.8 289.72 106.36 293.5 105.28 curveto
297.28 104.2 309.7 101.5 315.82 103.3 curveto
321.94 105.1 340.3 117.16 342.28 119.5 curveto
344.26 121.84 353.98 123.82 358.84 124 curveto stroke
newpath 358.84 124 moveto
363.7 124.18 375.76 130.3 379.18 133.36 curveto
382.6 136.42 385.84 139.66 390.7 144.88 curveto
395.56 150.1 397.9 162.16 405.1 162.16 curveto stroke
newpath 388.54 329.55 moveto
381.34 329.55 362.26 310.11 362.26 310.11 curveto
362.26 310.11 378.65 325.77 351.46 298.59 curveto
333.1 280.23 326.63 281.31 326.63 281.31 curveto stroke
newpath 326.63 281.31 moveto
315.11 281.32 289.19 287.62 283.97 291.94 curveto
278.75 296.26 262.91 304.72 259.67 309.22 curveto
256.43 313.72 251.75 317.86 251.75 317.86 curveto
251.75 317.86 252.65 318.94 254.99 323.44 curveto
257.33 327.94 258.41 329.38 258.41 329.38 curveto stroke
newpath 252.65 337.66 moveto
251.57 337.48 249.59 335.5 246.53 333.7 curveto
243.47 331.9 240.23 334.24 238.79 336.94 curveto
237.35 339.64 222.41 357.1 220.79 358.9 curveto
219.17 360.7 208.91 376.18 206.57 378.88 curveto
204.23 381.58 197.75 384.64 197.75 385.54 curveto
197.75 386.44 195.59 388.24 198.65 390.94 curveto
201.71 393.64 213.59 400.48 213.95 404.08 curveto
214.31 407.68 218.99 418.84 219.53 422.26 curveto
220.07 425.68 221.13 438.74 207.83 434.86 curveto
203.51 433.6 196.13 433.24 194.51 431.62 curveto
192.89 430 167.33 424.06 162.65 424.06 curveto
157.97 424.06 143.03 427.48 140.15 428.56 curveto
137.27 429.64 118.91 433.42 114.05 435.4 curveto
109.19 437.38 98.21 443.15 93.71 444.41 curveto
89.21 445.67 81.83 442.07 75.35 442.97 curveto
68.87 443.87 67.79 450.35 61.49 447.83 curveto
55.19 445.31 42.23 442.97 36.83 441.34 curveto
31.43 439.72 15.59 430 12.35 426.76 curveto
9.11 423.52 -4.57 411.64 -6.55 409.3 curveto
-8.53 406.96 -18.97 398.68 -23.11 397.6 curveto
-27.25 396.52 -59.65 386.26 -64.69 382.84 curveto
-69.73 379.42 -79.26 374.2 -85.92 370.6 curveto
-92.58 367 -104.1 364.66 -109.14 361.24 curveto
-114.18 357.82 -119.76 352.96 -122.46 351.7 curveto
-125.16 350.44 -129.84 351.52 -130.2 348.64 curveto
-130.56 345.76 -132.54 344.86 -135.42 339.46 curveto
-138.3 334.06 -141.18 327.58 -142.62 324.34 curveto
-144.06 321.1 -156.12 300.58 -157.56 296.44 curveto
-159 292.3 -165.84 276.11 -168.72 270.53 curveto
-171.6 264.95 -181.68 256.49 -186.72 254.87 curveto
-191.76 253.24 -205.98 254.5 -209.76 254.68 curveto
-213.54 254.86 -232.44 258.1 -232.44 258.1 curveto stroke
newpath -254.76 170.45 moveto
-253.14 171.53 -243.96 179.44 -241.26 179.98 curveto
-238.56 180.52 -232.98 187 -227.76 182.86 curveto
-222.54 178.72 -223.26 177.64 -220.38 173.14 curveto
-217.5 168.64 -213.54 163.06 -212.1 158.56 curveto
-210.66 154.06 -205.08 146.86 -204.89 140.74 curveto
-204.71 134.62 -203.81 122.03 -206.87 114.65 curveto
-209.93 107.27 -217.67 99.53 -220.37 95.57 curveto
-223.07 91.61 -232.44 82.61 -234.96 79.91 curveto
-237.48 77.21 -263.22 55.61 -271.32 39.95 curveto
-279.42 24.29 -287.16 14.57 -288.96 10.07 curveto
-290.76 5.57 -301.56 -12.78 -307.5 -20.88 curveto
-313.44 -28.98 -322.08 -41.94 -325.86 -47.16 curveto
-329.64 -52.38 -341.7 -66.6 -343.5 -69.84 curveto
-345.3 -73.08 -351.6 -75.06 -346.56 -86.4 curveto
-341.52 -97.74 -329.82 -110.7 -326.76 -113.76 curveto
-323.7 -116.82 -307.87 -130.5 -304.45 -133.92 curveto
-301.03 -137.34 -288.61 -147.96 -285.55 -151.02 curveto
-282.49 -154.08 -271.69 -167.94 -268.81 -171.9 curveto
-265.93 -175.86 -263.23 -189.54 -268.81 -199.44 curveto
-274.39 -209.34 -280.87 -217.08 -283.75 -222.84 curveto
-286.63 -228.6 -291.67 -240.12 -292.57 -244.62 curveto
-293.47 -249.12 -292.57 -252.36 -292.57 -252.36 curveto stroke
newpath -292.57 -252.36 moveto
-292.57 -252.36 -312.37 -274.14 -324.61 -278.46 curveto stroke
newpath -296.17 -304.02 moveto
-296.17 -304.02 -278.89 -287.1 -272.95 -284.4 curveto stroke
newpath 253.18 139.3 moveto
253.18 139.3 253.18 140.74 253.18 144.88 curveto
253.18 149.02 254.08 153.52 253.36 160 curveto
252.64 166.48 250.66 166.3 249.22 166.84 curveto
247.78 167.38 241.48 166.3 237.88 166.84 curveto
234.28 167.38 227.98 167.92 224.38 169.72 curveto
220.78 171.52 220.06 174.58 218.08 177.46 curveto
216.1 180.34 217.54 185.2 217.9 187.72 curveto
218.26 190.24 219.34 192.4 220.06 191.86 curveto
220.78 191.32 223.69 191.76 227.62 190.06 curveto
234.28 187.18 236.08 191.5 237.16 192.22 curveto
238.24 192.94 245.98 199.96 250.3 202.3 curveto
254.62 204.64 279.1 215.62 284.68 217.42 curveto
290.26 219.22 297.64 214.54 303.4 213.46 curveto
309.16 212.38 325.9 203.74 330.22 202.48 curveto
334.54 201.22 352.9 192.58 356.14 190.78 curveto
359.38 188.98 369.82 183.4 373.06 181.24 curveto
376.3 179.08 382.6 167.2 382.42 164.68 curveto
382.24 162.16 377.74 156.4 373.78 152.98 curveto
369.82 149.56 362.62 149.92 359.02 146.86 curveto stroke
newpath 359.02 146.86 moveto
355.42 143.8 347.5 144.16 344.44 144.16 curveto
341.38 144.16 335.44 136.96 332.56 134.62 curveto
329.68 132.28 324.82 125.08 323.38 122.92 curveto stroke
newpath 323.38 122.92 moveto
321.94 120.76 319.42 120.76 317.26 120.4 curveto
315.1 120.04 311.5 117.34 307.9 117.7 curveto
304.3 118.06 298.72 120.76 295.48 123.1 curveto
292.24 125.44 288.64 129.22 286.84 132.28 curveto
285.04 135.34 278.38 137.86 274.78 139.84 curveto
271.18 141.82 268.66 142.72 260.2 140.74 curveto
251.74 138.76 253.18 139.3 253.18 139.3 curveto stroke
newpath 189.47 319.66 moveto
190.91 321.64 194.15 322.9 196.13 324.34 curveto
198.11 325.78 199.37 332.08 200.45 324.88 curveto
201.53 317.68 203.33 313.36 204.59 309.4 curveto
205.85 305.44 208.55 297.34 209.63 293.56 curveto
210.71 289.78 216.11 272.14 215.75 268 curveto
215.39 263.86 215.75 252.7 218.09 247.48 curveto
220.43 242.26 222.59 241.18 221.69 238.84 curveto
220.79 236.5 216.11 228.76 215.57 226.78 curveto
215.03 224.8 204.41 218.5 195.04 213.82 curveto
185.68 209.14 183.34 204.82 179.92 197.44 curveto
176.5 190.06 172.54 177.47 172.18 173.51 curveto
171.82 169.55 168.04 150.47 163.72 146.15 curveto
159.4 141.83 150.58 127.61 148.42 124.55 curveto
146.26 121.49 143.38 107.63 141.76 103.31 curveto
140.14 98.99 120.52 68.21 119.98 64.97 curveto
119.44 61.73 103.05 30.41 101.61 26.09 curveto
100.17 21.77 89.01 -0.73 89.01 -6.67 curveto
89.01 -12.61 82.53 -22.69 79.11 -26.83 curveto
75.69 -30.97 57.51 -49.51 53.19 -52.57 curveto
48.87 -55.63 25.84 -70.39 28.9 -82.99 curveto
31.96 -95.59 41.85 -103.87 42.21 -108.01 curveto
42.57 -112.15 39.88 -121.69 39.7 -124.39 curveto
39.52 -127.09 31.78 -136.44 15.76 -136.98 curveto
-0.26 -137.52 -15.74 -136.8 -20.96 -136.98 curveto
-26.18 -137.16 -31.4 -142.2 -37.88 -141.84 curveto
-44.36 -141.48 -57.86 -137.52 -62.72 -137.7 curveto
-67.58 -137.88 -88.82 -136.44 -95.84 -140.94 curveto
-102.86 -145.44 -124.27 -157.15 -129.49 -156.79 curveto
-134.71 -156.43 -168.73 -155.17 -175.75 -149.41 curveto
-182.77 -143.65 -197.35 -134.47 -203.47 -130.15 curveto
-209.59 -125.83 -231.55 -106.39 -234.25 -102.25 curveto
-236.95 -98.11 -254.76 -83.17 -259.8 -79.03 curveto
-264.84 -74.89 -275.82 -70.74 -271.32 -55.99 curveto
-266.82 -41.23 -258.18 -22.87 -254.58 -17.65 curveto
-250.98 -12.43 -235.68 11.33 -234.42 12.05 curveto
-233.16 12.77 -218.4 30.95 -215.52 33.47 curveto
-212.64 35.99 -189.78 60.47 -186.36 67.13 curveto
-182.94 73.79 -170.69 96.28 -170.69 100.6 curveto
-170.69 104.92 -167.27 119.14 -168.35 121.66 curveto
-169.43 124.18 -171.23 130.84 -171.41 136.97 curveto
-171.6 143.09 -169.08 169.19 -170.52 175.85 curveto
-171.96 182.51 -175.02 199.25 -173.58 204.29 curveto
-172.14 209.33 -174.48 214.73 -170.16 218.51 curveto
-165.84 222.29 -158.28 220.85 -155.05 227.33 curveto
-151.81 233.81 -152.71 233.63 -151.81 238.31 curveto
-150.9 242.99 -141.37 248.75 -133.99 252.35 curveto
-126.61 255.95 -109.33 260.09 -107.35 271.96 curveto
-105.37 283.84 -100.33 294.46 -98.35 299.5 curveto
-96.37 304.54 -90.97 312.64 -78.01 313.72 curveto
-65.05 314.8 -66.13 318.58 -62.17 323.08 curveto
-58.21 327.58 -49.39 338.02 -46.15 340.72 curveto
-42.91 343.42 -35.89 344.5 -31.93 345.22 curveto
-27.97 345.94 -27.25 347.38 -21.67 351.16 curveto
-16.09 354.94 -4.57 356.92 0.83 355.48 curveto
6.23 354.04 20.09 354.04 23.87 356.56 curveto
27.65 359.08 28.01 359.98 38.27 362.5 curveto
48.53 365.02 61.49 366.64 64.91 372.04 curveto
68.33 377.44 69.59 388.43 75.17 392.21 curveto
80.75 395.98 92.63 401.2 96.77 395.62 curveto
100.91 390.04 101.63 389.68 104.15 387.52 curveto
106.67 385.36 109.37 383.92 114.41 385.36 curveto
119.45 386.8 128.09 388.24 130.25 384.64 curveto
132.41 381.04 129.17 380.5 131.51 375.46 curveto
133.85 370.42 135.65 370.78 136.73 367 curveto
137.81 363.22 134.57 358.54 134.75 354.58 curveto
134.93 350.62 137.27 344.86 139.43 343.42 curveto
141.59 341.98 150.77 341.08 154.01 344.68 curveto
157.25 348.28 161.93 354.22 166.07 354.94 curveto
170.21 355.66 172.73 360.34 180.47 357.82 curveto
188.21 355.3 190.01 352.96 190.91 350.08 curveto
191.81 347.2 195.77 343.24 193.61 340 curveto
191.45 336.76 184.61 328.3 184.25 327.22 curveto stroke
newpath 120.87 10.25 moveto
119.43 7.91 119.79 8.63 119.07 7.73 curveto
118.35 6.83 117.81 5.21 111.51 -2.17 curveto
105.21 -9.55 107.73 -1.63 107.73 -1.63 curveto
107.73 -1.63 110.25 5.93 111.69 8.81 curveto
113.13 11.69 122.13 29.15 123.03 33.65 curveto
123.93 38.15 128.07 44.09 134.37 50.93 curveto
140.67 57.77 141.39 50.39 140.85 48.23 curveto
140.31 46.07 135.45 35.27 133.65 31.13 curveto
131.85 26.99 122.31 12.59 120.87 10.25 curveto closepath stroke
showpage
%%EOF
