%!PS
%%BoundingBox: -1 -1 39 24 
%%HiResBoundingBox: -0.42 -0.42 38.09999 23.70609 
%%Creator: MetaPost 1.209
%%CreationDate: 2017.02.10:1555
%%Pages: 1
%%BeginProlog
%%EndProlog
%%Page: 1 1
gsave newpath 0 0 moveto
37.68 0 lineto
37.68 23.28609 lineto
0 23.28609 lineto
 closepath clip
 1 1 1 setrgbcolor
newpath 0 0 moveto
37.68 0 lineto
37.68 23.28609 lineto
0 23.28609 lineto
 closepath fill
gsave newpath 0.00002 0 moveto
37.68 0 lineto
37.68 23.28609 lineto
0 23.28609 lineto
0 -0.00002 lineto
 closepath clip
 0 0 0 setrgbcolor 0 0.6 dtransform truncate idtransform setlinewidth pop
 [] 0 setdash 1 setlinejoin 10 setmiterlimit
newpath 1.18782 14.194 moveto
0.79959 14.1899 0.46544 13.93633 0.29417 13.58453 curveto
0.02374 13.02911 0.00668 12.39809 0.0132 11.7815 curveto
0.01971 11.1649 0.05011 10.5344 0.33223 9.9848 curveto
0.51091 9.63673 0.85034 9.39027 1.23857 9.39438 curveto
1.6268 9.39848 1.96095 9.65205 2.13222 10.00385 curveto
2.40265 10.55927 2.41971 11.19029 2.4132 11.80688 curveto
2.40668 12.42348 2.37628 13.05399 2.09416 13.60358 curveto
1.91548 13.95164 1.57605 14.1981 1.18782 14.194 curveto closepath stroke
newpath 19.6823 3.12367 moveto
19.47571 3.45241 19.08478 3.60452 18.69537 3.56647 curveto
18.08054 3.5064 17.53381 3.19083 17.01173 2.86272 curveto
16.48965 2.5346 15.96817 2.17885 15.64737 1.65091 curveto
15.44418 1.31656 15.41171 0.89833 15.6183 0.5696 curveto
15.82489 0.24086 16.21582 0.08875 16.60522 0.1268 curveto
17.22006 0.18687 17.76678 0.50244 18.28886 0.83055 curveto
18.81094 1.15866 19.33243 1.51442 19.65323 2.04236 curveto
19.85641 2.37671 19.88889 2.79494 19.6823 3.12367 curveto closepath stroke
newpath 17.70311 13.01613 moveto
17.96878 13.29927 18.0169 13.71597 17.88142 14.08304 curveto
17.66754 14.6626 17.22377 15.11154 16.7741 15.53346 curveto
16.32442 15.95538 15.84818 16.36972 15.25618 16.5463 curveto
14.88123 16.65814 14.46844 16.58363 14.20277 16.30049 curveto
13.9371 16.01735 13.88898 15.60065 14.02446 15.23358 curveto
14.23834 14.65402 14.68211 14.20508 15.13179 13.78316 curveto
15.58147 13.36124 16.05771 12.9469 16.6497 12.77032 curveto
17.02466 12.65848 17.43744 12.73299 17.70311 13.01613 curveto closepath stroke
newpath 30.78929 2.40236 moveto
30.8507 2.01898 31.15083 1.72594 31.52405 1.6085 curveto
32.11333 1.42305 32.73996 1.49937 33.34883 1.59688 curveto
33.9577 1.69438 34.57683 1.81755 35.07874 2.17775 curveto
35.39662 2.40587 35.59026 2.77798 35.52885 3.16136 curveto
35.46745 3.54474 35.16731 3.83778 34.7941 3.95522 curveto
34.20482 4.14067 33.57819 4.06435 32.96931 3.96684 curveto
32.36044 3.86934 31.74132 3.74617 31.23941 3.38597 curveto
30.92152 3.15785 30.72789 2.78574 30.78929 2.40236 curveto closepath stroke
newpath 33.32014 12.63097 moveto
33.58264 12.91704 33.62613 13.33426 33.48659 13.6998 curveto
33.26627 14.27693 32.8175 14.7209 32.36317 15.13779 curveto
31.90884 15.55467 31.42801 15.96367 30.83409 16.13367 curveto
30.45792 16.24133 30.04599 16.16222 29.7835 15.87614 curveto
29.521 15.59007 29.47751 15.17285 29.61705 14.80731 curveto
29.83737 14.23018 30.28613 13.78621 30.74046 13.36932 curveto
31.1948 12.95244 31.67563 12.54344 32.26955 12.37344 curveto
32.64572 12.26578 33.05765 12.3449 33.32014 12.63097 curveto closepath stroke
grestore
grestore
 0 0 0 setrgbcolor 0 0.84 dtransform truncate idtransform setlinewidth pop
 [] 0 setdash 1 setlinejoin 10 setmiterlimit
newpath 0 0 moveto
37.68 0 lineto
37.68 23.28609 lineto
0 23.28609 lineto
 closepath stroke
showpage
%%EOF
