%!PS
%%BoundingBox: -553 -391 552 394 
%%HiResBoundingBox: -552.48001 -390.52702 551.76048 393.17125 
%%Creator: MetaPost 1.209
%%CreationDate: 2017.03.03:1418
%%Pages: 1
%%BeginProlog
%%EndProlog
%%Page: 1 1
 0 0 0 setrgbcolor 0 1.2 dtransform truncate idtransform setlinewidth pop
 [] 0 setdash 1 setlinecap 1 setlinejoin 10 setmiterlimit
newpath -148.29 -196.01 moveto
-141.94 -196.8 -122.96 -190.34 -113.11 -196.92 curveto
-103.27 -203.5 -89.11 -221.43 -82.66 -228.7 curveto
-76.2 -235.98 -18 -295.17 -4.94 -320.72 curveto
8.12 -346.26 22.93 -358.93 39.1 -365.95 curveto
55.28 -372.97 84.99 -360.81 92.11 -362.83 curveto
99.23 -364.85 146.16 -374.62 153.77 -379.51 curveto
161.38 -384.39 186.64 -393.16 193.64 -388.7 curveto
200.64 -384.24 240.8 -352.34 244.74 -348.02 curveto
248.69 -343.69 282.46 -306.14 301.59 -287.45 curveto
320.73 -268.76 350.54 -239.34 355.7 -229.92 curveto
360.85 -220.51 358.76 -226.01 366.5 -198.47 curveto
374.24 -170.95 369.89 -174.2 379.4 -169.46 curveto
388.9 -164.72 400.98 -160.94 402.65 -158.17 curveto
404.33 -155.39 468.13 -105.23 468.98 -100.15 curveto
469.83 -95.08 462.85 -48.96 471.93 -19.04 curveto
473.94 -12.42 468.66 1.33 481.91 22.8 curveto
495.17 44.27 501.48 36.27 499.75 54.37 curveto
498.03 72.48 497.11 84.86 496.74 92.95 curveto
496.37 101.03 499.53 99.01 503.88 102.26 curveto
508.24 105.51 521.61 108.62 528.21 113.95 curveto
534.81 119.27 549.85 125.16 550.48 135.08 curveto
551.11 145 551.74 154.92 550.21 160.78 curveto
548.68 166.65 544.35 178.68 532.28 170.78 curveto
520.22 162.88 522.8 161.55 519.12 159.24 curveto
515.44 156.92 507.82 154.25 502.4 154.56 curveto
496.99 154.87 491.24 150.49 487.09 154.81 curveto
482.93 159.13 479.02 158.25 471.32 188.67 curveto
463.63 219.03 462.02 222.54 459.22 232.62 curveto
456.41 242.69 445.64 284.85 438.46 292.17 curveto
431.28 299.5 418.93 313.89 412.99 317.89 curveto
407.05 321.89 381.26 331.97 376.63 335 curveto
372 338.03 372.87 342.76 373.35 344.22 curveto stroke
 0 0 1 setrgbcolor 0 0.84 dtransform truncate idtransform setlinewidth pop
newpath -148.28 -195.96 moveto
-141.94 -196.75 -122.95 -190.29 -113.1 -196.87 curveto
-103.25 -203.44 -89.1 -221.36 -82.64 -228.63 curveto
-76.18 -235.9 -17.98 -295.05 -4.92 -320.58 curveto
8.14 -346.12 22.95 -358.78 39.13 -365.79 curveto
55.31 -372.8 85.02 -360.62 92.14 -362.64 curveto
99.26 -364.66 146.19 -374.4 153.8 -379.28 curveto
161.41 -384.16 186.68 -392.92 193.68 -388.45 curveto
200.69 -383.99 240.84 -352.06 244.79 -347.74 curveto
248.74 -343.41 282.51 -305.83 301.65 -287.12 curveto
320.79 -268.42 350.61 -238.96 355.76 -229.54 curveto
360.91 -220.12 358.82 -225.62 366.57 -198.07 curveto
374.31 -170.52 369.95 -173.78 379.46 -169.02 curveto
388.98 -164.27 401.05 -160.48 402.73 -157.71 curveto
404.4 -154.93 468.22 -104.68 469.07 -99.6 curveto
469.91 -94.52 462.94 -48.38 472.02 -18.44 curveto
474.04 -11.81 468.75 1.94 482.01 23.44 curveto
495.27 44.93 501.58 36.94 499.85 55.05 curveto
498.13 73.17 497.2 85.55 496.84 93.64 curveto
496.47 101.73 499.63 99.71 503.98 102.98 curveto
508.34 106.24 521.71 109.37 528.31 114.71 curveto
534.92 120.06 549.96 125.97 550.59 135.9 curveto
551.22 145.84 551.85 155.78 550.33 161.65 curveto
548.8 167.53 544.47 179.58 532.39 171.65 curveto
520.32 163.71 522.91 162.39 519.23 160.06 curveto
515.55 157.73 507.92 155.04 502.51 155.33 curveto
497.09 155.63 491.34 151.22 487.18 155.54 curveto
483.02 159.85 479.1 158.96 471.41 189.42 curveto
463.72 219.88 462.12 223.41 459.32 233.55 curveto
456.52 243.69 445.75 286.27 438.57 293.69 curveto
431.39 301.11 419.01 315.68 413.06 319.74 curveto
407.12 323.79 381.25 333.97 376.61 337 curveto
371.96 340.03 372.83 344.76 373.3 346.22 curveto stroke
 1 0 0 setrgbcolor
newpath -148.43 -195.94 moveto
-142.09 -196.74 -123.1 -190.29 -113.26 -196.87 curveto
-103.41 -203.45 -89.26 -221.37 -82.81 -228.65 curveto
-76.35 -235.92 -18.17 -295.09 -5.12 -320.62 curveto
7.92 -346.16 22.73 -358.82 38.91 -365.84 curveto
55.08 -372.85 84.8 -360.69 91.92 -362.71 curveto
99.04 -364.73 145.97 -374.5 153.58 -379.38 curveto
161.19 -384.26 186.45 -393.03 193.45 -388.57 curveto
200.46 -384.1 240.64 -352.19 244.58 -347.87 curveto
248.53 -343.55 282.33 -305.98 301.48 -287.27 curveto
320.63 -268.57 350.47 -239.11 355.63 -229.68 curveto
360.79 -220.26 358.69 -225.76 366.45 -198.2 curveto
374.21 -170.64 369.86 -173.9 379.37 -169.15 curveto
388.89 -164.39 400.97 -160.6 402.64 -157.82 curveto
404.32 -155.04 468.17 -104.76 469.02 -99.68 curveto
469.87 -94.6 462.91 -48.42 472.01 -18.46 curveto
474.02 -11.83 468.74 1.93 482 23.43 curveto
495.26 44.94 501.57 36.93 499.85 55.05 curveto
498.13 73.17 497.21 85.56 496.84 93.66 curveto
496.47 101.75 499.63 99.73 503.98 102.99 curveto
508.34 106.25 521.71 109.38 528.32 114.72 curveto
534.92 120.07 549.97 125.97 550.6 135.91 curveto
551.23 145.85 551.86 155.79 550.34 161.67 curveto
548.81 167.54 544.48 179.6 532.4 171.67 curveto
520.33 163.73 522.91 162.41 519.24 160.08 curveto
515.56 157.75 507.93 155.06 502.51 155.36 curveto
497.09 155.65 491.35 151.25 487.19 155.56 curveto
483.03 159.88 479.1 158.98 471.42 189.44 curveto
463.73 219.91 462.13 223.44 459.33 233.58 curveto
456.53 243.72 445.77 286.3 438.58 293.72 curveto
431.4 301.15 419.03 315.72 413.08 319.78 curveto
407.13 323.83 381.26 334.01 376.62 337.04 curveto
371.98 340.08 372.85 344.8 373.32 346.26 curveto stroke
 0 0 0 setrgbcolor 0 1.2 dtransform truncate idtransform setlinewidth pop
newpath 301.1 358.04 moveto
295.62 345.09 284.22 354.13 276.06 352.61 curveto
267.9 351.09 257.9 354.39 243.48 356.5 curveto
229.06 358.6 156.48 385.14 149.24 386.32 curveto
142 387.51 136.79 391.47 78.34 391.91 curveto
70.41 391.97 62.74 394.5 56.3 381.85 curveto
49.87 369.2 43.21 365.33 47.88 353.88 curveto
49 351.14 47.53 322.48 47.53 322.48 curveto
47.53 322.48 49.8 296.73 47.83 284.59 curveto
45.85 272.43 50.53 272.64 28.17 260.78 curveto
5.82 248.91 -31.19 234.8 -37.77 221.01 curveto
-44.35 207.22 -48.32 207.22 -53.2 199.63 curveto
-58.08 192.04 -66.42 185.38 -74.86 180.86 curveto
-83.31 176.35 -98.11 160.94 -103.78 154.75 curveto
-109.44 148.55 -122.59 132.47 -127.64 128.64 curveto stroke
 0 0 1 setrgbcolor 0 0.84 dtransform truncate idtransform setlinewidth pop
newpath 302 361.18 moveto
296.46 348.13 285.06 357.16 276.85 355.53 curveto
268.63 353.89 258.58 357.04 244.08 358.9 curveto
229.58 360.77 156.73 386.27 149.47 387.38 curveto
142.21 388.5 136.99 392.4 78.45 392.46 curveto
70.52 392.46 62.84 394.99 56.39 382.27 curveto
49.94 369.55 43.27 365.65 47.93 354.15 curveto
49.05 351.39 47.56 322.6 47.56 322.6 curveto
47.56 322.6 49.8 296.76 47.83 284.61 curveto
45.86 272.45 50.53 272.66 28.19 260.85 curveto
5.85 249.04 -31.16 234.95 -37.75 221.15 curveto
-44.33 207.35 -48.29 207.35 -53.18 199.75 curveto
-58.06 192.14 -66.4 185.47 -74.85 180.95 curveto
-83.3 176.43 -98.1 160.99 -103.77 154.8 curveto
-109.43 148.6 -122.58 132.51 -127.64 128.68 curveto stroke
 1 0 0 setrgbcolor
newpath 302.01 361.23 moveto
296.47 348.19 285.07 357.22 276.86 355.59 curveto
268.65 353.95 258.59 357.1 244.09 358.97 curveto
229.59 360.83 156.72 386.36 149.47 387.47 curveto
142.21 388.59 136.99 392.5 78.42 392.54 curveto
70.49 392.55 62.81 395.08 56.36 382.36 curveto
49.91 369.63 43.24 365.73 47.91 354.22 curveto
49.02 351.47 47.54 322.68 47.54 322.68 curveto
47.54 322.68 49.79 296.83 47.82 284.67 curveto
45.84 272.51 50.52 272.72 28.17 260.9 curveto
5.82 249.07 -31.2 234.96 -37.78 221.15 curveto
-44.36 207.34 -48.32 207.34 -53.2 199.73 curveto
-58.08 192.12 -66.43 185.44 -74.87 180.91 curveto
-83.32 176.38 -98.11 160.94 -103.78 154.74 curveto
-109.44 148.53 -122.59 132.44 -127.64 128.61 curveto stroke
 0 0 0 setrgbcolor 0 1.2 dtransform truncate idtransform setlinewidth pop
newpath -551.88 -128.96 moveto
-545.07 -128.1 -539.64 -128.57 -536.46 -131.13 curveto
-533.28 -133.68 -520.46 -138.32 -517.06 -137.8 curveto
-513.66 -137.28 -501.6 -136.91 -498.98 -139.13 curveto
-496.35 -141.36 -494.67 -138.75 -490.09 -144.49 curveto
-485.5 -150.23 -481.83 -155.65 -472.91 -157.59 curveto
-464 -159.52 -462.93 -163.26 -456.18 -168.9 curveto
-449.44 -174.55 -438.04 -183.58 -433.29 -188.96 curveto
-428.54 -194.33 -407.3 -217.36 -400.28 -221.01 curveto
-393.26 -224.66 -369.84 -232.08 -361.91 -232.08 curveto
-353.97 -232.08 -308.15 -232.18 -303.98 -228.74 curveto
-299.81 -225.31 -280.23 -196.12 -275.96 -186.91 curveto
-271.7 -177.7 -271.59 -164.36 -260 -157.52 curveto
-248.41 -150.68 -234.56 -142.12 -224.79 -146.72 curveto
-215.03 -151.32 -211.97 -155.14 -204.88 -160.4 curveto
-197.79 -165.66 -172.47 -183.25 -167.89 -185.02 curveto
-163.3 -186.79 -154.63 -195.22 -148.29 -196.01 curveto stroke
 0 0 1 setrgbcolor 0 0.84 dtransform truncate idtransform setlinewidth pop
newpath -551.87 -128.9 moveto
-545.06 -128.05 -539.63 -128.52 -536.45 -131.08 curveto
-533.27 -133.64 -520.45 -138.28 -517.05 -137.76 curveto
-513.65 -137.25 -501.6 -136.88 -498.97 -139.1 curveto
-496.35 -141.32 -494.67 -138.72 -490.08 -144.46 curveto
-485.5 -150.2 -481.83 -155.62 -472.91 -157.56 curveto
-463.99 -159.5 -462.92 -163.23 -456.18 -168.87 curveto
-449.44 -174.52 -438.03 -183.55 -433.28 -188.92 curveto
-428.53 -194.3 -407.29 -217.31 -400.27 -220.96 curveto
-393.26 -224.61 -369.84 -232.03 -361.9 -232.03 curveto
-353.96 -232.03 -308.15 -232.13 -303.98 -228.69 curveto
-299.8 -225.26 -280.22 -196.07 -275.96 -186.87 curveto
-271.69 -177.66 -271.58 -164.32 -259.99 -157.49 curveto
-248.41 -150.65 -234.56 -142.09 -224.79 -146.69 curveto
-215.02 -151.28 -211.96 -155.11 -204.87 -160.37 curveto
-197.78 -165.63 -172.47 -183.2 -167.88 -184.97 curveto
-163.29 -186.74 -154.62 -195.17 -148.28 -195.96 curveto stroke
 1 0 0 setrgbcolor
newpath -551.84 -128.81 moveto
-545.03 -127.96 -539.61 -128.44 -536.43 -131 curveto
-533.25 -133.55 -520.43 -138.2 -517.03 -137.68 curveto
-513.63 -137.17 -501.57 -136.8 -498.95 -139.03 curveto
-496.32 -141.25 -494.64 -138.65 -490.05 -144.39 curveto
-485.47 -150.13 -481.8 -155.55 -472.88 -157.49 curveto
-463.97 -159.43 -462.9 -163.16 -456.16 -168.8 curveto
-449.41 -174.44 -438.01 -183.48 -433.26 -188.85 curveto
-428.52 -194.22 -407.29 -217.22 -400.28 -220.87 curveto
-393.27 -224.51 -369.87 -231.92 -361.94 -231.92 curveto
-354.01 -231.92 -308.24 -232.01 -304.07 -228.58 curveto
-299.91 -225.15 -280.33 -195.97 -276.06 -186.77 curveto
-271.79 -177.57 -271.67 -164.23 -260.09 -157.4 curveto
-248.51 -150.57 -234.66 -142.01 -224.9 -146.61 curveto
-215.15 -151.22 -212.09 -155.04 -205 -160.31 curveto
-197.92 -165.57 -172.62 -183.16 -168.03 -184.94 curveto
-163.45 -186.71 -154.78 -195.15 -148.43 -195.94 curveto stroke
 0 0 0 setrgbcolor 0 1.2 dtransform truncate idtransform setlinewidth pop
newpath -127.64 128.64 moveto
-132.7 124.81 -154.78 110.84 -157.71 107.83 curveto
-160.64 104.81 -163.39 101.81 -165.85 100.26 curveto
-168.3 98.7 -176.14 96.55 -181.71 95.93 curveto
-187.27 95.32 -205.27 86.58 -207.63 83.05 curveto
-210 79.52 -212.31 78.87 -215.34 78.19 curveto
-218.38 77.51 -221.39 80.26 -224.86 77.4 curveto
-228.34 74.53 -227.06 74.23 -230.9 71.35 curveto
-234.73 68.48 -246.82 68.64 -248.98 68.72 curveto
-251.15 68.8 -261.92 63.79 -267.32 63.72 curveto
-272.72 63.64 -277.82 64.85 -285.56 64.66 curveto
-293.3 64.48 -298.65 59.19 -299.31 57.89 curveto
-299.97 56.6 -305.86 51.46 -311.56 50.11 curveto
-317.27 48.77 -312.26 49.54 -323.45 42.17 curveto
-334.64 34.81 -340.06 31.31 -344.67 29.66 curveto
-349.28 28.01 -360.45 20.29 -369.35 17.91 curveto
-378.25 15.52 -379.36 16.19 -380.39 15.06 curveto
-381.42 13.93 -383.85 12.02 -385.37 9.61 curveto
-386.88 7.21 -388.61 5.69 -390.92 5.04 curveto
-393.23 4.4 -392.69 0.46 -414.32 8.3 curveto
-435.94 16.13 -437.48 18.22 -462.54 14.56 curveto
-474.73 12.78 -472.94 13.37 -502.13 9.33 curveto
-531.32 5.3 -535.19 3.31 -537.74 3.74 curveto stroke
 0 0 1 setrgbcolor 0 0.84 dtransform truncate idtransform setlinewidth pop
newpath -127.64 128.68 moveto
-132.69 124.85 -154.78 110.88 -157.71 107.86 curveto
-160.64 104.85 -163.39 101.84 -165.84 100.29 curveto
-168.3 98.74 -176.14 96.58 -181.7 95.97 curveto
-187.26 95.36 -205.26 86.61 -207.63 83.08 curveto
-209.99 79.55 -212.31 78.9 -215.34 78.22 curveto
-218.37 77.54 -221.38 80.29 -224.86 77.42 curveto
-228.33 74.56 -227.06 74.26 -230.89 71.38 curveto
-234.73 68.5 -246.81 68.66 -248.98 68.74 curveto
-251.15 68.82 -261.91 63.81 -267.32 63.74 curveto
-272.72 63.66 -277.82 64.87 -285.56 64.69 curveto
-293.3 64.51 -298.64 59.21 -299.3 57.91 curveto
-299.96 56.62 -305.85 51.48 -311.56 50.13 curveto
-317.26 48.79 -312.25 49.56 -323.45 42.19 curveto
-334.64 34.82 -340.06 31.33 -344.67 29.68 curveto
-349.28 28.03 -360.45 20.31 -369.35 17.93 curveto
-378.25 15.54 -379.36 16.21 -380.39 15.09 curveto
-381.42 13.96 -383.85 12.05 -385.36 9.64 curveto
-386.87 7.23 -388.6 5.71 -390.92 5.07 curveto
-393.23 4.42 -392.69 0.48 -414.31 8.33 curveto
-435.94 16.17 -437.47 18.26 -462.53 14.6 curveto
-474.73 12.82 -472.93 13.41 -502.12 9.38 curveto
-531.31 5.35 -535.18 3.37 -537.73 3.79 curveto stroke
 1 0 0 setrgbcolor
newpath -127.64 128.61 moveto
-132.69 124.78 -154.76 110.8 -157.69 107.79 curveto
-160.62 104.77 -163.36 101.77 -165.81 100.21 curveto
-168.27 98.66 -176.1 96.5 -181.65 95.89 curveto
-187.21 95.28 -205.2 86.54 -207.56 83.01 curveto
-209.92 79.48 -212.23 78.83 -215.27 78.15 curveto
-218.3 77.47 -221.31 80.22 -224.78 77.36 curveto
-228.25 74.5 -226.98 74.2 -230.81 71.32 curveto
-234.65 68.45 -246.73 68.62 -248.89 68.7 curveto
-251.06 68.78 -261.82 63.79 -267.23 63.73 curveto
-272.63 63.66 -277.73 64.87 -285.47 64.7 curveto
-293.21 64.53 -298.56 59.24 -299.22 57.95 curveto
-299.88 56.66 -305.77 51.53 -311.48 50.19 curveto
-317.18 48.85 -312.17 49.62 -323.37 42.26 curveto
-334.57 34.91 -340 31.42 -344.61 29.77 curveto
-349.22 28.12 -360.4 20.41 -369.3 18.02 curveto
-378.2 15.63 -379.31 16.31 -380.34 15.18 curveto
-381.37 14.05 -383.81 12.14 -385.32 9.73 curveto
-386.84 7.32 -388.57 5.8 -390.88 5.15 curveto
-393.19 4.5 -392.66 0.57 -414.27 8.41 curveto
-435.89 16.26 -437.43 18.36 -462.49 14.7 curveto
-474.68 12.92 -472.88 13.51 -502.07 9.48 curveto
-531.26 5.46 -535.13 3.48 -537.67 3.91 curveto stroke
 0 0 0 setrgbcolor 0 0.6 dtransform truncate idtransform setlinewidth pop
newpath -154.40732 -131.10876 moveto
-156.39357 -131.03941 -157.19405 -134.36833 -159.30481 -133.8194 curveto
-162.0436 -133.1071 -159.2708 -127.41724 -162.67671 -127.21797 curveto
-166.37292 -127.00172 -163.81383 -133.1439 -166.50888 -133.80821 curveto
-169.5331 -134.55365 -169.13289 -129.81627 -171.12999 -128.60364 curveto
-173.56197 -127.12692 -175.83966 -130.36038 -178.39267 -130.27124 curveto
 stroke
newpath -174.78662 -126.8346 moveto
-175.96664 -127.93486 -176.87115 -129.70235 -178.39267 -130.27124 curveto
-176.91455 -130.94487 -175.02516 -130.33472 -173.41278 -130.39111 curveto
 closepath stroke
newpath -174.78662 -126.8346 moveto
-175.96664 -127.93486 -176.87115 -129.70235 -178.39267 -130.27124 curveto
-176.91455 -130.94487 -175.02516 -130.33472 -173.41278 -130.39111 curveto
 closepath fill
 0 1.99252 dtransform truncate idtransform setlinewidth pop
newpath -166.4 -130.69 moveto 0 0 rlineto stroke
 0 0 1 setrgbcolor
newpath -166.4 -130.66 moveto 0 0 rlineto stroke
 1 0 0 setrgbcolor
newpath -166.53 -130.63 moveto 0 0 rlineto stroke
 0 0 0 setrgbcolor 0 0.6 dtransform truncate idtransform setlinewidth pop
newpath -154.70871 -161.60323 moveto
-156.66656 -161.2615 -157.91704 -164.4488 -159.93231 -163.61493 curveto
-162.54718 -162.53297 -159.01862 -157.27823 -162.3648 -156.61269 curveto
-165.99622 -155.89044 -164.30568 -162.32608 -167.06645 -162.61365 curveto
-170.16444 -162.93633 -169.11685 -158.2989 -170.92831 -156.82326 curveto
-173.13423 -155.0263 -175.83476 -157.91599 -178.35129 -157.47676 curveto stroke
newpath -174.30708 -154.5684 moveto
-175.62715 -155.49603 -176.76602 -157.1224 -178.35129 -157.47676 curveto
-176.9798 -158.34717 -175.02448 -158.00252 -173.43515 -158.28 curveto
 closepath stroke
newpath -174.30708 -154.5684 moveto
-175.62715 -155.49603 -176.76602 -157.1224 -178.35129 -157.47676 curveto
-176.9798 -158.34717 -175.02448 -158.00252 -173.43515 -158.28 curveto
 closepath fill
 0 1.99252 dtransform truncate idtransform setlinewidth pop
newpath -166.53 -159.54 moveto 0 0 rlineto stroke
 0 0 1 setrgbcolor
newpath -166.52 -159.5 moveto 0 0 rlineto stroke
 1 0 0 setrgbcolor
newpath -166.66 -159.47 moveto 0 0 rlineto stroke
 0 0 0 setrgbcolor 0 0.6 dtransform truncate idtransform setlinewidth pop
newpath -208.50395 -132.04503 moveto
-210.48413 -131.87526 -211.45203 -135.1594 -213.5323 -134.50436 curveto
-216.2315 -133.65443 -213.1744 -128.11218 -216.56584 -127.74083 curveto
-220.24635 -127.33784 -218.00133 -133.6016 -220.72652 -134.1287 curveto
-223.78458 -134.72015 -223.14517 -130.00912 -225.07835 -128.69699 curveto
-227.43246 -127.09915 -229.87085 -130.21318 -232.41606 -129.99498 curveto
 stroke
newpath -228.64078 -126.74521 moveto
-229.87494 -127.78436 -230.86772 -129.5038 -232.41606 -129.99498 curveto
-230.97392 -130.74254 -229.05609 -130.22876 -227.44864 -130.36667 curveto
 closepath stroke
newpath -228.64078 -126.74521 moveto
-229.87494 -127.78436 -230.86772 -129.5038 -232.41606 -129.99498 curveto
-230.97392 -130.74254 -229.05609 -130.22876 -227.44864 -130.36667 curveto
 closepath fill
 0 1.99252 dtransform truncate idtransform setlinewidth pop
newpath -220.46 -131.02 moveto 0 0 rlineto stroke
 0 0 1 setrgbcolor
newpath -220.46 -130.99 moveto 0 0 rlineto stroke
 1 0 0 setrgbcolor
newpath -220.57 -130.92 moveto 0 0 rlineto stroke
 0 0 0 setrgbcolor 0 0.6 dtransform truncate idtransform setlinewidth pop
newpath -130.65353 10.34193 moveto
-131.54897 9.911 -131.12964 8.25125 -132.19165 8.00368 curveto
-133.56964 7.68246 -133.66457 10.8458 -135.21867 10.14243 curveto
-136.90523 9.37909 -134.34479 7.25475 -135.38347 6.33427 curveto
-136.54903 5.30139 -137.47292 7.49164 -138.63887 7.5643 curveto
-140.05872 7.65279 -140.31554 5.69197 -141.46646 5.13808 curveto stroke
newpath -140.66881 7.49757 moveto
-140.93549 6.73624 -140.92513 5.74355 -141.46646 5.13808 curveto
-140.65553 5.1834 -139.9609 5.89265 -139.23401 6.24243 curveto
 closepath stroke
newpath -140.66881 7.49757 moveto
-140.93549 6.73624 -140.92513 5.74355 -141.46646 5.13808 curveto
-140.65553 5.1834 -139.9609 5.89265 -139.23401 6.24243 curveto
 closepath fill
 0 1.99252 dtransform truncate idtransform setlinewidth pop
newpath -136.06 7.74 moveto 0 0 rlineto stroke
 0 0 1 setrgbcolor
newpath -136.06 7.74 moveto 0 0 rlineto stroke
 1 0 0 setrgbcolor
newpath -136.04 7.69 moveto 0 0 rlineto stroke
 0 0 0 setrgbcolor 0 0.6 dtransform truncate idtransform setlinewidth pop
newpath -96.56369 -17.52829 moveto
-97.21562 -16.7783 -98.70592 -17.62073 -99.22493 -16.66167 curveto
-99.89838 -15.41728 -96.8722 -14.49101 -97.96072 -13.17758 curveto
-99.14203 -11.75221 -100.51547 -14.78247 -101.6774 -14.02348 curveto
-102.98123 -13.17177 -101.1124 -11.7027 -101.34995 -10.55888 curveto
-101.63925 -9.16602 -103.59834 -9.4357 -104.43631 -8.47171 curveto stroke
newpath -101.94995 -8.61848 moveto
-102.75468 -8.56216 -103.70944 -8.8341 -104.43631 -8.47171 curveto
-104.17862 -9.24194 -103.31122 -9.72478 -102.78203 -10.33363 curveto
 closepath stroke
newpath -101.94995 -8.61848 moveto
-102.75468 -8.56216 -103.70944 -8.8341 -104.43631 -8.47171 curveto
-104.17862 -9.24194 -103.31122 -9.72478 -102.78203 -10.33363 curveto
 closepath fill
 0 1.99252 dtransform truncate idtransform setlinewidth pop
newpath -100.5 -13 moveto 0 0 rlineto stroke
 0 0 1 setrgbcolor
newpath -100.5 -13 moveto 0 0 rlineto stroke
 1 0 0 setrgbcolor
newpath -100.5 -13.05 moveto 0 0 rlineto stroke
 0 0 0 setrgbcolor 0 0.42001 dtransform truncate idtransform setlinewidth pop
newpath -183.24997 -43 moveto
-178.45004 -43 lineto stroke
 0.42001 0 dtransform exch truncate exch idtransform pop setlinewidth
newpath -180.85 -45.39996 moveto
-180.85 -40.60004 lineto stroke
 0.00002 0.00018 0.00008 setrgbcolor
newpath -179.88998 -43 moveto
-179.88998 -42.74538 -179.99115 -42.5012 -180.17119 -42.32118 curveto
-180.35121 -42.14114 -180.59538 -42.03998 -180.85 -42.03998 curveto
-181.10463 -42.03998 -181.3488 -42.14114 -181.52882 -42.32118 curveto
-181.70886 -42.5012 -181.81003 -42.74538 -181.81003 -43 curveto
-181.81003 -43.25462 -181.70886 -43.4988 -181.52882 -43.67882 curveto
-181.3488 -43.85886 -181.10463 -43.96002 -180.85 -43.96002 curveto
-180.59538 -43.96002 -180.35121 -43.85886 -180.17119 -43.67882 curveto
-179.99115 -43.4988 -179.88998 -43.25462 -179.88998 -43 curveto closepath fill
 0 0 0 setrgbcolor 0 0.6 dtransform truncate idtransform setlinewidth pop
newpath -180.85 -43 moveto 0 0 rlineto stroke
 1 0 0 setrgbcolor 0 3.98505 dtransform truncate idtransform setlinewidth pop
newpath -180.91 -42.98 moveto 0 0 rlineto stroke
 0 0 0 setrgbcolor 0 0.42001 dtransform truncate idtransform setlinewidth pop
newpath -419.40996 -89.9 moveto
-414.61003 -89.9 lineto stroke
 0.42001 0 dtransform exch truncate exch idtransform pop setlinewidth
newpath -417.01 -92.29996 moveto
-417.01 -87.50003 lineto stroke
 0.00002 0.00018 0.00008 setrgbcolor
newpath -416.04997 -89.9 moveto
-416.04997 -89.64537 -416.15114 -89.4012 -416.33118 -89.22118 curveto
-416.5112 -89.04114 -416.75537 -88.93997 -417.01 -88.93997 curveto
-417.26462 -88.93997 -417.50879 -89.04114 -417.68881 -89.22118 curveto
-417.86885 -89.4012 -417.97002 -89.64537 -417.97002 -89.9 curveto
-417.97002 -90.15462 -417.86885 -90.39879 -417.68881 -90.57881 curveto
-417.50879 -90.75885 -417.26462 -90.86002 -417.01 -90.86002 curveto
-416.75537 -90.86002 -416.5112 -90.75885 -416.33118 -90.57881 curveto
-416.15114 -90.39879 -416.04997 -90.15462 -416.04997 -89.9 curveto closepath
 fill
 0 0 0 setrgbcolor 0 0.6 dtransform truncate idtransform setlinewidth pop
newpath -417.01 -89.9 moveto 0 0 rlineto stroke
 1 0 0 setrgbcolor 0 3.98505 dtransform truncate idtransform setlinewidth pop
newpath -416.98 -89.84 moveto 0 0 rlineto stroke
 0 0 0 setrgbcolor 0 0.42001 dtransform truncate idtransform setlinewidth pop
newpath -293.26996 -10.71 moveto
-288.47003 -10.71 lineto stroke
 0.42001 0 dtransform exch truncate exch idtransform pop setlinewidth
newpath -290.87 -13.10997 moveto
-290.87 -8.31004 lineto stroke
 0.00002 0.00018 0.00008 setrgbcolor
newpath -289.90997 -10.71 moveto
-289.90997 -10.45538 -290.01114 -10.21121 -290.19118 -10.03119 curveto
-290.3712 -9.85115 -290.61537 -9.74998 -290.87 -9.74998 curveto
-291.12462 -9.74998 -291.36879 -9.85115 -291.54881 -10.03119 curveto
-291.72885 -10.21121 -291.83002 -10.45538 -291.83002 -10.71 curveto
-291.83002 -10.96463 -291.72885 -11.2088 -291.54881 -11.38882 curveto
-291.36879 -11.56886 -291.12462 -11.67003 -290.87 -11.67003 curveto
-290.61537 -11.67003 -290.3712 -11.56886 -290.19118 -11.38882 curveto
-290.01114 -11.2088 -289.90997 -10.96463 -289.90997 -10.71 curveto closepath
 fill
 0 0 0 setrgbcolor 0 0.6 dtransform truncate idtransform setlinewidth pop
newpath -290.87 -10.71 moveto 0 0 rlineto stroke
 1 0 0 setrgbcolor 0 3.98505 dtransform truncate idtransform setlinewidth pop
newpath -290.84 -10.65 moveto 0 0 rlineto stroke
 0 0 0 setrgbcolor 0 0.42001 dtransform truncate idtransform setlinewidth pop
newpath -242.98996 -3.07 moveto
-238.19003 -3.07 lineto stroke
 0.42001 0 dtransform exch truncate exch idtransform pop setlinewidth
newpath -240.59 -5.46997 moveto
-240.59 -0.67004 lineto stroke
 0.00002 0.00018 0.00008 setrgbcolor
newpath -239.62997 -3.07 moveto
-239.62997 -2.81538 -239.73114 -2.57121 -239.91118 -2.39119 curveto
-240.0912 -2.21115 -240.33537 -2.10999 -240.59 -2.10999 curveto
-240.84462 -2.10999 -241.08879 -2.21115 -241.26881 -2.39119 curveto
-241.44885 -2.57121 -241.55002 -2.81538 -241.55002 -3.07 curveto
-241.55002 -3.32463 -241.44885 -3.5688 -241.26881 -3.74883 curveto
-241.08879 -3.92886 -240.84462 -4.03003 -240.59 -4.03003 curveto
-240.33537 -4.03003 -240.0912 -3.92886 -239.91118 -3.74883 curveto
-239.73114 -3.5688 -239.62997 -3.32463 -239.62997 -3.07 curveto closepath fill
 0 0 0 setrgbcolor 0 0.6 dtransform truncate idtransform setlinewidth pop
newpath -240.59 -3.07 moveto 0 0 rlineto stroke
 1 0 0 setrgbcolor 0 3.98505 dtransform truncate idtransform setlinewidth pop
newpath -240.56 -3.09 moveto 0 0 rlineto stroke
 0 0 0 setrgbcolor 0 0.42001 dtransform truncate idtransform setlinewidth pop
newpath -135.21997 -11.99 moveto
-130.42004 -11.99 lineto stroke
 0.42001 0 dtransform exch truncate exch idtransform pop setlinewidth
newpath -132.82 -14.38997 moveto
-132.82 -9.59004 lineto stroke
 0.00002 0.00018 0.00008 setrgbcolor
newpath -131.85999 -11.99 moveto
-131.85999 -11.73538 -131.96115 -11.49121 -132.14119 -11.31119 curveto
-132.32121 -11.13115 -132.56538 -11.02998 -132.82 -11.02998 curveto
-133.07463 -11.02998 -133.3188 -11.13115 -133.49883 -11.31119 curveto
-133.67886 -11.49121 -133.78003 -11.73538 -133.78003 -11.99 curveto
-133.78003 -12.24463 -133.67886 -12.4888 -133.49883 -12.66882 curveto
-133.3188 -12.84886 -133.07463 -12.95003 -132.82 -12.95003 curveto
-132.56538 -12.95003 -132.32121 -12.84886 -132.14119 -12.66882 curveto
-131.96115 -12.4888 -131.85999 -12.24463 -131.85999 -11.99 curveto closepath
 fill
 0 0 0 setrgbcolor 0 0.6 dtransform truncate idtransform setlinewidth pop
newpath -132.82 -11.99 moveto 0 0 rlineto stroke
 1 0 0 setrgbcolor 0 3.98505 dtransform truncate idtransform setlinewidth pop
newpath -132.81 -12.05 moveto 0 0 rlineto stroke
 0.00002 0.00018 0.00008 setrgbcolor
newpath -80.47998 -1.23 moveto
-80.47998 -0.75258 -80.66966 -0.29477 -81.00722 0.04279 curveto
-81.34477 0.38034 -81.80258 0.57002 -82.28 0.57002 curveto
-82.75742 0.57002 -83.21523 0.38034 -83.55278 0.04279 curveto
-83.89034 -0.29477 -84.08002 -0.75258 -84.08002 -1.23 curveto
-84.08002 -1.70741 -83.89034 -2.16522 -83.55278 -2.50278 curveto
-83.21523 -2.84033 -82.75742 -3.03001 -82.28 -3.03001 curveto
-81.80258 -3.03001 -81.34477 -2.84033 -81.00722 -2.50278 curveto
-80.66966 -2.16522 -80.47998 -1.70741 -80.47998 -1.23 curveto closepath fill
 0 0 0 setrgbcolor 0 0.42001 dtransform truncate idtransform setlinewidth pop
newpath -80.47998 -1.23 moveto
-80.47998 -0.75258 -80.66966 -0.29477 -81.00722 0.04279 curveto
-81.34477 0.38034 -81.80258 0.57002 -82.28 0.57002 curveto
-82.75742 0.57002 -83.21523 0.38034 -83.55278 0.04279 curveto
-83.89034 -0.29477 -84.08002 -0.75258 -84.08002 -1.23 curveto
-84.08002 -1.70741 -83.89034 -2.16522 -83.55278 -2.50278 curveto
-83.21523 -2.84033 -82.75742 -3.03001 -82.28 -3.03001 curveto
-81.80258 -3.03001 -81.34477 -2.84033 -81.00722 -2.50278 curveto
-80.66966 -2.16522 -80.47998 -1.70741 -80.47998 -1.23 curveto closepath stroke
newpath -82.28 -1.23 moveto 0 0 rlineto stroke
 1 0 0 setrgbcolor 0 3.98505 dtransform truncate idtransform setlinewidth pop
newpath -82.29 -1.28 moveto 0 0 rlineto stroke
 0 0 0 setrgbcolor 0 0.42001 dtransform truncate idtransform setlinewidth pop
newpath -84.67996 -1.23 moveto
-79.88004 -1.23 lineto stroke
 0.42001 0 dtransform exch truncate exch idtransform pop setlinewidth
newpath -82.28 -3.62996 moveto
-82.28 1.16997 lineto stroke
 0.00002 0.00018 0.00008 setrgbcolor
newpath -81.31998 -1.23 moveto
-81.31998 -0.97537 -81.42114 -0.7312 -81.60118 -0.55118 curveto
-81.7812 -0.37114 -82.02538 -0.26997 -82.28 -0.26997 curveto
-82.53462 -0.26997 -82.7788 -0.37114 -82.95882 -0.55118 curveto
-83.13885 -0.7312 -83.24002 -0.97537 -83.24002 -1.23 curveto
-83.24002 -1.48462 -83.13885 -1.72879 -82.95882 -1.90881 curveto
-82.7788 -2.08885 -82.53462 -2.19002 -82.28 -2.19002 curveto
-82.02538 -2.19002 -81.7812 -2.08885 -81.60118 -1.90881 curveto
-81.42114 -1.72879 -81.31998 -1.48462 -81.31998 -1.23 curveto closepath fill
 0 0 0 setrgbcolor 0 0.6 dtransform truncate idtransform setlinewidth pop
newpath -82.28 -1.23 moveto 0 0 rlineto stroke
 1 0 0 setrgbcolor 0 3.98505 dtransform truncate idtransform setlinewidth pop
newpath -82.29 -1.28 moveto 0 0 rlineto stroke
 0 0 0 setrgbcolor 0 0.42001 dtransform truncate idtransform setlinewidth pop
newpath -75.98996 96.76 moveto
-71.19003 96.76 lineto stroke
 0.42001 0 dtransform exch truncate exch idtransform pop setlinewidth
newpath -73.59 94.36003 moveto
-73.59 99.15996 lineto stroke
 0.00002 0.00018 0.00008 setrgbcolor
newpath -72.62997 96.76 moveto
-72.62997 97.01462 -72.73114 97.25879 -72.91118 97.43881 curveto
-73.0912 97.61885 -73.33537 97.72002 -73.59 97.72002 curveto
-73.84462 97.72002 -74.08879 97.61885 -74.26881 97.43881 curveto
-74.44885 97.25879 -74.55002 97.01462 -74.55002 96.76 curveto
-74.55002 96.50537 -74.44885 96.2612 -74.26881 96.08118 curveto
-74.08879 95.90114 -73.84462 95.79997 -73.59 95.79997 curveto
-73.33537 95.79997 -73.0912 95.90114 -72.91118 96.08118 curveto
-72.73114 96.2612 -72.62997 96.50537 -72.62997 96.76 curveto closepath fill
 0 0 0 setrgbcolor 0 0.6 dtransform truncate idtransform setlinewidth pop
newpath -73.59 96.76 moveto 0 0 rlineto stroke
 1 0 0 setrgbcolor 0 3.98505 dtransform truncate idtransform setlinewidth pop
newpath -73.59 96.69 moveto 0 0 rlineto stroke
 0 0 0 setrgbcolor 0 0.42001 dtransform truncate idtransform setlinewidth pop
newpath 63.06004 279.2 moveto
67.85997 279.2 lineto stroke
 0.42001 0 dtransform exch truncate exch idtransform pop setlinewidth
newpath 65.46 276.80003 moveto
65.46 281.59996 lineto stroke
 0.00002 0.00018 0.00008 setrgbcolor
newpath 66.42003 279.2 moveto
66.42003 279.45462 66.31886 279.69879 66.13882 279.87881 curveto
65.9588 280.05885 65.71463 280.16002 65.46 280.16002 curveto
65.20538 280.16002 64.96121 280.05885 64.78119 279.87881 curveto
64.60115 279.69879 64.49998 279.45462 64.49998 279.2 curveto
64.49998 278.94537 64.60115 278.7012 64.78119 278.52118 curveto
64.96121 278.34114 65.20538 278.23997 65.46 278.23997 curveto
65.71463 278.23997 65.9588 278.34114 66.13882 278.52118 curveto
66.31886 278.7012 66.42003 278.94537 66.42003 279.2 curveto closepath fill
 0 0 0 setrgbcolor 0 0.6 dtransform truncate idtransform setlinewidth pop
newpath 65.46 279.2 moveto 0 0 rlineto stroke
 1 0 0 setrgbcolor 0 3.98505 dtransform truncate idtransform setlinewidth pop
newpath 65.45 279.27 moveto 0 0 rlineto stroke
 0 0 0 setrgbcolor 0 0.42001 dtransform truncate idtransform setlinewidth pop
newpath 357.30003 200.41 moveto
362.09996 200.41 lineto stroke
 0.42001 0 dtransform exch truncate exch idtransform pop setlinewidth
newpath 359.7 198.01004 moveto
359.7 202.80997 lineto stroke
 0.00002 0.00018 0.00008 setrgbcolor
newpath 360.66002 200.41 moveto
360.66002 200.66463 360.55885 200.9088 360.37881 201.08882 curveto
360.19879 201.26886 359.95462 201.37003 359.7 201.37003 curveto
359.44537 201.37003 359.2012 201.26886 359.02118 201.08882 curveto
358.84114 200.9088 358.73997 200.66463 358.73997 200.41 curveto
358.73997 200.15538 358.84114 199.91121 359.02118 199.73119 curveto
359.2012 199.55115 359.44537 199.44998 359.7 199.44998 curveto
359.95462 199.44998 360.19879 199.55115 360.37881 199.73119 curveto
360.55885 199.91121 360.66002 200.15538 360.66002 200.41 curveto closepath fill
 0 0 0 setrgbcolor 0 0.6 dtransform truncate idtransform setlinewidth pop
newpath 359.7 200.41 moveto 0 0 rlineto stroke
 1 0 0 setrgbcolor 0 3.98505 dtransform truncate idtransform setlinewidth pop
newpath 359.7 200.45 moveto 0 0 rlineto stroke
 0 0 0 setrgbcolor
newpath 364.41 333.89 moveto 0 0 rlineto stroke
newpath 348.48 329.93 moveto 0 0 rlineto stroke
 0 0.84 dtransform truncate idtransform setlinewidth pop
newpath 364.41 333.89 moveto
348.48 329.93 lineto stroke
 1 0.85 0 setrgbcolor 0 3.98505
 dtransform truncate idtransform setlinewidth pop
newpath 364.42 335.95 moveto 0 0 rlineto stroke
newpath 348.72 332.36 moveto 0 0 rlineto stroke
 0 0.84 dtransform truncate idtransform setlinewidth pop
newpath 364.41 333.89 moveto
364.42 335.95 lineto
348.72 332.36 lineto
348.48 329.93 lineto stroke
showpage
%%EOF
