%!PS
%%BoundingBox: -438 -604 428 557 
%%HiResBoundingBox: -437.08 -603.33 427.23744 556.82 
%%Creator: MetaPost 1.209
%%CreationDate: 2017.03.03:1418
%%Pages: 1
%%BeginProlog
%%EndProlog
%%Page: 1 1
 0 0 0 setrgbcolor 0 1.2 dtransform truncate idtransform setlinewidth pop
 [6 6 ] 0 setdash 1 setlinecap 1 setlinejoin 10 setmiterlimit
newpath -357.79 -450.96 moveto
-370.88 -458.04 -370.38 -462.53 -376.31 -467.04 curveto
-382.17 -471.52 -385.36 -479.98 -398.03 -486.8 curveto
-410.46 -493.49 -426.9 -496.61 -426.9 -496.61 curveto stroke
 0 0 1 setrgbcolor 0 0.84 dtransform truncate idtransform setlinewidth pop
 [] 0 setdash
newpath -356.96 -451.05 moveto
-371.14 -453.95 -370.8 -457.81 -377.4 -459.83 curveto
-383.89 -461.82 -387.74 -467.91 -401.69 -469.64 curveto
-415.23 -471.57 -432.42 -471.44 -432.42 -471.44 curveto stroke
 1 0 0 setrgbcolor
newpath -349.06 -369.95 moveto
-361.3 -378.08 -360.76 -381.5 -366.57 -386.11 curveto
-372.37 -390.72 -375.57 -398.03 -388.67 -405.75 curveto
-401.78 -413.47 -419.09 -420.65 -419.09 -420.65 curveto stroke
 0 0 0 setrgbcolor 0 1.2 dtransform truncate idtransform setlinewidth pop
 [6 6 ] 0 setdash
newpath -405.75 -540.85 moveto
-405.75 -540.85 -400.09 -534.12 -396.51 -529.36 curveto
-393.43 -525.26 -386.59 -518.92 -383.39 -517.28 curveto
-379.05 -515.04 -365.77 -511.79 -353.69 -505.35 curveto
-341.3 -498.74 -338.83 -497.39 -330.68 -494.22 curveto
-322.4 -491.01 -308.37 -494.28 -301.17 -489.11 curveto
-293.87 -483.86 -280.06 -479.62 -272.05 -471.68 curveto
-263.79 -463.51 -242.2 -475.3 -236.64 -464.39 curveto
-231.14 -453.6 -239.71 -439.73 -240.87 -434.67 curveto
-242.09 -429.34 -249.23 -430.29 -251.84 -422.92 curveto
-254.71 -414.82 -256.16 -405.89 -256.16 -405.89 curveto stroke
 0 0 1 setrgbcolor 0 0.84 dtransform truncate idtransform setlinewidth pop
 [] 0 setdash
newpath -411.38 -519.01 moveto
-411.38 -519.01 -405.62 -512.75 -401.67 -508.92 curveto
-398.35 -505.71 -390.76 -501.56 -387.26 -500.94 curveto
-382.52 -500.09 -367.91 -501.44 -354.76 -499.07 curveto
-341.29 -496.33 -338.71 -495.54 -330.15 -493.99 curveto
-321.51 -492.24 -307.29 -496.49 -299.98 -491.86 curveto
-292.62 -486.97 -278.97 -482.6 -270.98 -474.62 curveto
-262.88 -466.17 -241.71 -476.72 -235.82 -466.76 curveto
-230.08 -456.71 -239.04 -441.46 -240.4 -436.04 curveto
-241.56 -430.68 -249.09 -430.6 -251.45 -424.04 curveto
-253.75 -417.51 -254.54 -410.64 -254.54 -410.64 curveto stroke
 1 0 0 setrgbcolor
newpath -394.84 -456.19 moveto
-394.84 -456.19 -389.63 -447.66 -386.06 -442.3 curveto
-383.08 -437.84 -376.17 -430.69 -372.93 -428.61 curveto
-368.59 -425.82 -355.17 -421.05 -343.67 -413.84 curveto
-332.17 -406.62 -330.01 -405.06 -322.82 -400.97 curveto
-315.63 -396.88 -303.42 -396.22 -297.72 -390.63 curveto
-292.02 -385.04 -281.4 -378.91 -275.55 -371.65 curveto
-269.69 -364.38 -253.34 -371.41 -249.2 -363.66 curveto
-245.06 -355.91 -252.25 -344.58 -253.37 -340.38 curveto
-254.48 -336.19 -260.42 -336.5 -262.63 -331.43 curveto
-264.84 -326.36 -265.73 -321.14 -265.73 -321.14 curveto stroke
 0 0 0 setrgbcolor 0 1.2 dtransform truncate idtransform setlinewidth pop
newpath -426.9 -496.61 moveto
-431.42 -505.56 lineto stroke
 0 0 1 setrgbcolor 0 0.84 dtransform truncate idtransform setlinewidth pop
newpath -432.42 -471.44 moveto
-436.66 -481.69 lineto stroke
 1 0 0 setrgbcolor
newpath -419.09 -420.65 moveto
-422.69 -431.82 lineto stroke
 0 0 0 setrgbcolor 0 1.2 dtransform truncate idtransform setlinewidth pop
newpath -414.46 -543.88 moveto
-405.75 -540.85 lineto stroke
 0 0 1 setrgbcolor 0 0.84 dtransform truncate idtransform setlinewidth pop
newpath -419.9 -522.6 moveto
-411.38 -519.01 lineto stroke
 1 0 0 setrgbcolor
newpath -403.03 -463.38 moveto
-394.84 -456.19 lineto stroke
 0 0 0 setrgbcolor 0 1.2 dtransform truncate idtransform setlinewidth pop
newpath -256.16 -405.89 moveto
-258.68 -381.57 -267.04 -365.71 -271.11 -350.79 curveto
-275.4 -335.05 -302.22 -230.46 -310.7 -205.59 curveto
-344 -108.02 -340.77 -130.55 -346.04 -136.32 curveto
-346.7 -137.04 -345.88 -145.53 -346.37 -149.03 curveto
-346.85 -152.46 -344.89 -39.29 -343.93 -32.9 curveto
-342.99 -26.69 -342.47 -27.45 -339.06 -23.14 curveto
-334.81 -17.75 -330.86 2.75 -304.85 4.98 curveto
-297.3 5.63 -282.41 16.28 -274.58 20.86 curveto
-266.87 25.36 -243.49 49.94 -238.5 54.27 curveto
-233.47 58.63 -234.72 75.87 -212.11 81.94 curveto
-190.46 87.76 -194.83 82.32 -183.87 79.31 curveto
-172.54 76.19 -153.67 58.96 -145.33 69.69 curveto
-136.83 80.62 -131.59 96.26 -124.5 104 curveto
-117.55 111.58 -108.76 117.93 -102.65 122.7 curveto
-96.54 127.46 -72.53 151.42 -68.03 158.66 curveto
-63.5 165.94 -51.89 194.19 -47.9 199.39 curveto
-43.91 204.58 -45.88 217 -32.87 217.9 curveto
-20.06 218.78 -16.88 215.95 -15.73 211.56 curveto
-14.58 207.21 -17.97 201.84 -7.31 203.28 curveto
3.06 204.68 20.09 208.39 29.05 211.77 curveto
37.86 215.08 58.48 214.56 66.59 214.74 curveto
74.83 214.92 90.3 215.55 94.67 205.71 curveto
99.03 195.92 102.12 184.38 101.17 177.22 curveto
100.22 170.07 94.7 148.03 96.42 144.36 curveto
98.13 140.7 101.16 133.18 94.88 122.25 curveto
88.64 111.38 79.41 81.17 97.92 69.93 curveto
116.14 58.86 120.36 59.95 122.04 52.99 curveto
123.73 46.02 123.99 17.65 122.7 11.8 curveto
121.42 5.95 117.28 -14.91 116.42 -18.92 curveto
115.57 -22.87 111.06 -36.32 118.59 -50.61 curveto
125.95 -64.57 133.37 -73.38 134.67 -90.25 curveto
135.82 -105.24 131.31 -108.6 131.35 -113.71 curveto
131.38 -119.23 131.85 -121.54 132.81 -124.58 curveto
133.8 -127.72 139.55 -140.85 126.76 -134.71 curveto
115.02 -129.08 101.63 -119.75 103.08 -137.73 curveto
104.61 -156.69 109.75 -153.15 110.76 -164.83 curveto
111.74 -176.25 115.31 -189.99 115.3 -200.63 curveto
115.3 -211.29 107.79 -240.84 105.11 -243.11 curveto
102.44 -245.37 108.4 -254.14 101.05 -254.27 curveto
93.7 -254.41 67.44 -249.82 67.86 -264.8 curveto
68.3 -279.97 65.8 -308.4 76.21 -337.8 curveto
78.53 -344.35 79.04 -360.59 75.22 -372.3 curveto
71.52 -383.62 68.13 -394.87 62.29 -407.02 curveto
56.55 -418.98 52.48 -433.49 50.98 -437.76 curveto
49.49 -442.02 46.27 -455.64 46.27 -455.64 curveto stroke
 0 0 1 setrgbcolor 0 0.84 dtransform truncate idtransform setlinewidth pop
newpath -254.54 -410.64 moveto
-254.71 -393.25 -261.17 -382.88 -263.03 -374.63 curveto
-264.62 -366.76 -271.8 -319.63 -277.95 -302.75 curveto
-343.68 -107.93 -340.64 -131.63 -345.55 -137.77 curveto
-346.47 -138.12 -345.48 -146.65 -346.07 -149.93 curveto
-346.61 -153.13 -343.3 -40.02 -343.8 -33.25 curveto
-341.6 -27.27 -343.28 -26.77 -338.97 -23.4 curveto
-335.69 -17.46 -330.69 1.98 -304.73 4.64 curveto
-297.1 4.69 -282.14 15.5 -274.32 20.07 curveto
-266.61 24.6 -243.53 49.95 -238.46 54.15 curveto
-233.46 58.48 -233.8 73.09 -212.03 81.68 curveto
-189.93 85.19 -194.83 82.12 -183.84 79.21 curveto
-172.5 75.87 -153.62 58.51 -145.19 69.27 curveto
-136.87 80.4 -131.57 96.1 -124.42 103.74 curveto
-117.49 111.3 -108.61 117.48 -102.5 122.21 curveto
-96.36 126.93 -72.4 150.96 -67.88 158.21 curveto
-63.37 165.49 -51.76 193.75 -47.75 198.92 curveto
-43.78 204.14 -45.76 216.71 -32.74 217.47 curveto
-19.93 218.44 -16.75 215.48 -15.58 211.08 curveto
-14.44 206.71 -17.84 201.53 -7.14 202.77 curveto
3.19 204.4 20.29 207.79 29.18 211.37 curveto
38.03 214.56 58.57 214.09 66.66 214.52 curveto
74.89 214.55 90.31 215.45 94.69 205.67 curveto
99.02 195.9 102.09 184.33 101.18 177.18 curveto
100.17 170.06 94.76 147.89 96.47 144.19 curveto
98.2 140.53 101.34 132.9 94.95 122.03 curveto
88.83 111.07 79.55 80.81 98.01 69.64 curveto
116.2 58.75 120.35 59.84 122.08 52.88 curveto
123.73 45.86 124.01 17.54 122.74 11.67 curveto
121.45 5.79 117.35 -15.11 116.48 -19.1 curveto
115.63 -23.04 111.14 -36.52 118.64 -50.79 curveto
126.01 -64.7 133.05 -73.54 134.7 -90.38 curveto
135.5 -105.38 131.26 -108.78 131.4 -113.9 curveto
131.35 -119.44 131.97 -121.74 132.88 -124.82 curveto
133.93 -127.95 139.71 -140.97 126.85 -135.05 curveto
115.23 -129.36 102.22 -120.3 103.25 -138.3 curveto
105.16 -157.11 110.03 -153.53 110.85 -165.13 curveto
111.98 -176.5 115.34 -190.12 115.33 -200.71 curveto
115.35 -211.5 107.86 -241.1 105.2 -243.43 curveto
102.55 -245.78 108.49 -254.45 101.19 -254.8 curveto
93.9 -255.16 67.82 -251.33 68.31 -266.43 curveto
68.72 -281.7 66.29 -310.21 76.52 -339.16 curveto
78.83 -345.62 79.39 -361.79 75.44 -373.43 curveto
71.83 -384.77 68.32 -396.09 62.58 -408.67 curveto
56.86 -421.08 52.86 -436.07 51.39 -440.5 curveto
49.9 -444.91 46.72 -458.98 46.72 -458.98 curveto stroke
 1 0 0 setrgbcolor
newpath -265.73 -321.14 moveto
-265.36 -309.16 -269.86 -301.35 -270.89 -294.82 curveto
-271.93 -288.3 -274.74 -256.08 -280.41 -240.43 curveto
-286.08 -224.78 -309.05 -196.4 -313.57 -173 curveto
-314.58 -167.77 -323.61 -156.83 -326.36 -149.82 curveto
-329.1 -142.82 -328.98 -36.29 -334.5 -18.96 curveto
-340.02 -1.64 -342.39 -1.23 -341.09 5.21 curveto
-339.8 11.66 -337.9 24.8 -312.1 25.6 curveto
-304.84 25.82 -291.63 35.77 -284.44 39.86 curveto
-277.25 43.96 -256.22 67.46 -251.98 71.24 curveto
-247.75 75.01 -247.27 86.02 -223.36 88.93 curveto
-199.46 91.84 -204.42 88.65 -193.17 85.88 curveto
-181.92 83.11 -164.34 67.75 -156.8 77.86 curveto
-149.26 87.96 -144.81 102.05 -138.56 108.7 curveto
-132.31 115.34 -124.27 120.86 -118.76 125.1 curveto
-113.24 129.35 -92.01 150.88 -88.05 157.28 curveto
-84.1 163.68 -74.14 188.32 -70.63 192.68 curveto
-67.12 197.04 -68.98 208.12 -57.03 208.08 curveto
-45.08 208.04 -42.1 205.05 -40.99 200.85 curveto
-39.87 196.66 -43.05 192.33 -32.71 191.79 curveto
-22.36 191.25 -4.33 190.21 5.11 191.89 curveto
14.55 193.57 37.82 190.11 46.39 190.7 curveto
54.95 191.29 70.59 193.98 76.24 184.63 curveto
81.9 175.29 86.16 163.47 85.99 155.82 curveto
85.82 148.17 82.61 125.59 84.64 122.16 curveto
86.67 118.73 90.44 111.5 85.01 100.3 curveto
79.58 89.09 72.34 57.78 91.69 47.59 curveto
111.04 37.4 115.2 38.85 117.62 31.81 curveto
120.04 24.77 123.15 -4.1 122.47 -10.14 curveto
121.8 -16.19 119.76 -37.31 119.21 -41.36 curveto
118.65 -45.4 115.21 -59.71 124.06 -74.02 curveto
132.9 -88.33 141.14 -97.06 143.71 -114.7 curveto
146.28 -132.34 142.44 -136.74 143.73 -142.57 curveto
145.02 -148.41 146.26 -150.6 147.89 -153.41 curveto
149.52 -156.22 156.77 -168.05 143.37 -163.85 curveto
129.98 -159.65 114.16 -151.41 119.09 -169.46 curveto
124.02 -187.51 128.55 -183.37 130.78 -194.74 curveto
133 -206.12 137.8 -219.87 138.97 -230.69 curveto
140.14 -241.52 135.81 -272.18 133.44 -274.76 curveto
131.06 -277.34 137.88 -285.23 130.7 -286.34 curveto
123.52 -287.44 97.18 -286.3 99.43 -300.99 curveto
101.68 -315.68 102.65 -343.12 115.83 -369.9 curveto
118.78 -375.9 121.12 -391.23 118.35 -402.48 curveto
115.58 -413.73 112.85 -425.31 107.96 -438.45 curveto
103.07 -451.58 100.14 -467.5 99 -472.26 curveto
97.85 -477.03 95.84 -492.18 95.84 -492.18 curveto stroke
 0 0 0 setrgbcolor 0.6
 0 dtransform exch truncate exch idtransform pop setlinewidth
newpath -354.26 71.93 moveto
-354.26 83.93 lineto stroke
newpath -355.15996 81.53003 moveto
-354.26 83.93 lineto
-353.36003 81.53003 lineto
 closepath fill
 0 0.6 dtransform truncate idtransform setlinewidth pop
newpath -355.15996 81.53003 moveto
-354.26 83.93 lineto
-353.36003 81.53003 lineto
 closepath stroke
 0 1.99252 dtransform truncate idtransform setlinewidth pop
newpath -354.26 77.93 moveto 0 0 rlineto stroke
 0 0 1 setrgbcolor
newpath -353.96 77.05 moveto 0 0 rlineto stroke
 1 0 0 setrgbcolor
newpath -361.81 94.23 moveto 0 0 rlineto stroke
 0 0 0 setrgbcolor 0 0.6 dtransform truncate idtransform setlinewidth pop
newpath -346.5113 91.88692 moveto
-354.2087 101.0931 lineto stroke
newpath -353.35966 98.6746 moveto
-354.2087 101.0931 lineto
-351.9788 99.82918 lineto
 closepath fill
newpath -353.35966 98.6746 moveto
-354.2087 101.0931 lineto
-351.9788 99.82918 lineto
 closepath stroke
 0 1.99252 dtransform truncate idtransform setlinewidth pop
newpath -350.36 96.49 moveto 0 0 rlineto stroke
 0 0 1 setrgbcolor
newpath -350.02 95.47 moveto 0 0 rlineto stroke
 1 0 0 setrgbcolor
newpath -356.19 109.77 moveto 0 0 rlineto stroke
 0 0 0 setrgbcolor 0 0.6 dtransform truncate idtransform setlinewidth pop
newpath -331.18935 104.63806 moveto
-339.03065 113.72192 lineto stroke
newpath -338.14368 111.31711 moveto
-339.03065 113.72192 lineto
-336.78116 112.49326 lineto
 closepath fill
newpath -338.14368 111.31711 moveto
-339.03065 113.72192 lineto
-336.78116 112.49326 lineto
 closepath stroke
 0 1.99252 dtransform truncate idtransform setlinewidth pop
newpath -335.11 109.18 moveto 0 0 rlineto stroke
 0 0 1 setrgbcolor
newpath -334.79 108.22 moveto 0 0 rlineto stroke
 1 0 0 setrgbcolor
newpath -339.44 117.55 moveto 0 0 rlineto stroke
 0 0 0 setrgbcolor 0 0.6 dtransform truncate idtransform setlinewidth pop
newpath -403.24953 -499.85608 moveto
-413.47047 -506.14392 lineto stroke
newpath -410.95474 -505.65291 moveto
-413.47047 -506.14392 lineto
-411.89789 -504.11983 lineto
 closepath fill
newpath -410.95474 -505.65291 moveto
-413.47047 -506.14392 lineto
-411.89789 -504.11983 lineto
 closepath stroke
 0 1.99252 dtransform truncate idtransform setlinewidth pop
newpath -408.36 -503 moveto 0 0 rlineto stroke
 0 0 1 setrgbcolor
newpath -412.96 -482.35 moveto 0 0 rlineto stroke
 1 0 0 setrgbcolor
newpath -398.82 -422.44 moveto 0 0 rlineto stroke
 0 0 0 setrgbcolor 0 0.6 dtransform truncate idtransform setlinewidth pop
newpath -398.19952 -514.74608 moveto
-408.42047 -521.03392 lineto stroke
newpath -405.90474 -520.54291 moveto
-408.42047 -521.03392 lineto
-406.84789 -519.00983 lineto
 closepath fill
newpath -405.90474 -520.54291 moveto
-408.42047 -521.03392 lineto
-406.84789 -519.00983 lineto
 closepath stroke
 0 1.99252 dtransform truncate idtransform setlinewidth pop
newpath -403.31 -517.89 moveto 0 0 rlineto stroke
 0 0 1 setrgbcolor
newpath -408.08 -498.23 moveto 0 0 rlineto stroke
 1 0 0 setrgbcolor
newpath -392.97 -435.08 moveto 0 0 rlineto stroke
 0 0 0 setrgbcolor 0 1.2 dtransform truncate idtransform setlinewidth pop
newpath 55.78 -455.18 moveto
59.62 -450.65 72.16 -430.86 72.16 -430.86 curveto
72.16 -430.86 74.41 -421.12 80.03 -421.14 curveto
85.64 -421.15 88.06 -423.25 86.3 -429.55 curveto
84.57 -435.75 70.53 -454.85 69.24 -456.36 curveto
67.95 -457.87 51.22 -478.63 51.56 -482.54 curveto
51.91 -486.44 49.98 -499.45 59.36 -488.33 curveto
68.72 -477.25 75.22 -471.11 76.84 -468.97 curveto
78.46 -466.83 95.29 -449.58 101.77 -448.17 curveto
108.22 -446.76 101.5 -464.18 102.14 -469.47 curveto
102.79 -474.79 99.53 -485.04 100.83 -490.4 curveto
102.14 -495.76 92 -513.62 94.27 -523.62 curveto
96.37 -532.89 91.96 -542.43 98.19 -553.6 curveto stroke
 0 0 1 setrgbcolor 0 0.84 dtransform truncate idtransform setlinewidth pop
newpath 56.14 -458.22 moveto
59.95 -453.44 72.4 -432.69 72.4 -432.69 curveto
72.4 -432.69 74.62 -422.57 80.2 -422.41 curveto
85.78 -422.23 88.17 -424.35 86.46 -430.91 curveto
84.71 -437.34 70.78 -457.43 69.5 -459.02 curveto
68.23 -460.62 51.6 -482.57 51.95 -486.62 curveto
52.29 -490.68 50.4 -504.37 59.68 -492.48 curveto
68.99 -480.67 75.43 -474.07 77.04 -471.8 curveto
78.65 -469.54 95.41 -451.26 101.87 -449.59 curveto
108.3 -447.96 101.57 -465.99 102.2 -471.39 curveto
102.83 -476.82 99.57 -487.51 100.86 -492.99 curveto
102.15 -498.49 92.16 -518.26 94.42 -529.3 curveto
96.71 -540.35 92.72 -555.55 99.31 -570.84 curveto stroke
 1 0 0 setrgbcolor
newpath 105.31 -490.83 moveto
108.72 -485.48 119.5 -462.42 119.5 -462.42 curveto
119.5 -462.42 121 -451.64 126.57 -451.04 curveto
132.15 -450.44 134.69 -452.49 133.47 -459.59 curveto
132.24 -466.69 120.07 -489.24 118.94 -491.02 curveto
117.8 -492.8 103.15 -516.95 103.94 -521.17 curveto
104.73 -525.4 104.28 -539.72 112.52 -526.89 curveto
120.76 -514.05 126.61 -506.78 128.01 -504.31 curveto
129.4 -501.84 144.47 -481.63 150.89 -479.61 curveto
157.31 -477.59 152.4 -496.7 153.66 -502.2 curveto
154.92 -507.71 152.81 -518.89 154.72 -524.32 curveto
156.63 -529.76 148.61 -550.7 152.11 -561.6 curveto
155.61 -572.51 153.15 -588.2 161.37 -602.91 curveto stroke
 0 0 0 setrgbcolor 0 1.2 dtransform truncate idtransform setlinewidth pop
newpath 392.17 556.22 moveto
392.17 556.22 380.99 547.17 367.14 530.83 curveto
353.14 514.3 342.9 481.69 337.84 482.53 curveto
332.77 483.38 326.58 484.88 312.21 479.3 curveto
297.79 473.7 294.15 448.76 287.48 438.44 curveto
280.79 428.09 274.15 422.82 240.29 400.32 curveto
206.37 377.77 146.66 367.27 126.54 356.28 curveto
105.68 344.89 71.39 313.28 71.59 303.25 curveto
72.28 269.97 56.46 282.55 51.23 283.72 curveto
46 284.88 21.46 301.01 9.67 313.57 curveto
-2.1 326.12 -20.34 337.33 -38.07 340.5 curveto
-56.11 343.73 -56.9 321.92 -53.08 315.02 curveto
-49.25 308.13 -54.39 288.73 -56.1 277.52 curveto
-57.81 266.38 -78.65 246.07 -81.46 243.93 curveto
-84.27 241.8 -131.61 175.63 -135.18 167.75 curveto
-138.75 159.89 -163.39 137.48 -168.8 131.4 curveto
-174.14 125.39 -182.23 114.48 -187.75 113.92 curveto
-193.21 113.37 -190.2 113.95 -206.56 121.99 curveto
-224.29 130.69 -234.52 122.72 -266.25 125.81 curveto
-299.59 129.06 -301.75 120.19 -310.76 116.59 curveto
-319.7 113.02 -324.1 117.82 -329.48 120.67 curveto
-334.78 123.48 -333.18 129.29 -343.83 134.95 curveto
-354.51 140.62 -353.22 131.07 -363.66 122.93 curveto
-373.85 114.97 -362.72 107.95 -362.55 94.17 curveto
-362.37 80.71 -358.84 80.01 -362.72 67.37 curveto
-366.55 54.87 -364.18 59.47 -366.25 55.75 curveto
-368.34 52 -378.19 44.07 -381.92 27.25 curveto
-385.86 9.49 -371.69 4.96 -363.33 -6.02 curveto
-355.3 -16.56 -361.77 -24.58 -364.39 -37.03 curveto stroke
 0 0 1 setrgbcolor 0 0.84 dtransform truncate idtransform setlinewidth pop
newpath 392.49 555.14 moveto
392.49 555.14 381.3 546.14 367.42 529.89 curveto
353.4 513.45 343.1 481.01 338.04 481.87 curveto
332.97 482.71 326.79 484.19 312.4 478.68 curveto
297.97 473.1 294.28 448.32 287.59 438.06 curveto
280.89 427.76 274.29 422.44 240.37 400.03 curveto
206.5 377.41 146.91 366.63 126.66 355.88 curveto
105.93 344.26 71.68 312.98 71.67 303 curveto
72.51 269.88 56.53 282.32 51.3 283.48 curveto
46.08 284.63 21.47 300.8 9.75 313.33 curveto
-2.03 325.73 -20.17 336.91 -37.89 339.94 curveto
-55.89 343.15 -56.75 321.38 -52.92 314.53 curveto
-49.13 307.69 -54.23 288.38 -56.01 277.25 curveto
-57.71 266.2 -78.64 246.04 -81.44 243.87 curveto
-84.24 241.7 -131.5 175.29 -135.06 167.37 curveto
-138.62 159.5 -163.2 137.1 -168.71 131.13 curveto
-173.96 125.06 -182.19 114.45 -187.69 113.73 curveto
-193.16 113.37 -190.26 113.52 -206.51 121.83 curveto
-224.3 130.14 -234.38 122.71 -266.05 125.22 curveto
-299.3 128.58 -301.42 119.22 -310.51 115.83 curveto
-319.32 111.94 -323.8 116.9 -329.15 119.68 curveto
-334.44 122.4 -332.79 128.25 -343.43 133.73 curveto
-354.04 139.32 -352.83 129.85 -363.21 121.6 curveto
-373.44 113.65 -362.28 106.73 -362.17 93.05 curveto
-362.01 79.73 -358.86 79.16 -362.45 66.55 curveto
-366.66 54.32 -363.95 58.78 -366.03 55.09 curveto
-368.14 51.37 -376.81 43.05 -381.66 26.46 curveto
-384.38 8.33 -371.17 4.52 -363.18 -6.47 curveto
-354.98 -16.41 -361.69 -24.81 -364.15 -37.72 curveto stroke
 1 0 0 setrgbcolor
newpath 328.09 535.34 moveto
328.09 535.34 317.86 525.61 305.42 508.67 curveto
292.98 491.73 284.79 459.99 280.09 460.48 curveto
275.39 460.96 269.64 462 256.69 455.96 curveto
243.73 449.92 241.62 426.46 236.05 416.57 curveto
230.48 406.68 224.74 401.41 194.98 378.95 curveto
165.21 356.5 110.09 344.58 91.98 333.99 curveto
73.88 323.41 43.62 296.26 43.96 287 curveto
45.11 255.13 29.5 267.19 24.41 268.3 curveto
19.31 269.41 -4.91 284.72 -16.13 296.45 curveto
-27.35 308.18 -44.73 318.58 -61.59 321.08 curveto
-78.45 323.57 -78.92 303.28 -75.26 297.04 curveto
-71.6 290.8 -75.99 273.07 -77.55 262.94 curveto
-79.11 252.82 -98.37 234.48 -100.82 232.56 curveto
-103.27 230.64 -144.44 172.44 -147.67 165.45 curveto
-150.9 158.47 -172.71 139.19 -177.82 134.32 curveto
-182.94 129.46 -191.64 120.89 -197.94 120.87 curveto
-204.24 120.85 -200.93 120.88 -218.72 128.92 curveto
-236.51 136.95 -245.97 129.29 -276.35 130.99 curveto
-306.73 132.69 -308.11 123.92 -316.1 121.07 curveto
-324.08 118.21 -328.62 123.36 -333.97 126.77 curveto
-339.31 130.17 -337.87 135.31 -348.56 142.12 curveto
-359.25 148.93 -357.97 140.11 -368.63 134.31 curveto
-379.28 128.52 -368.19 121.09 -368.89 109.06 curveto
-369.58 97.04 -366.52 96.38 -370.57 84.66 curveto
-374.61 72.94 -372.09 77.2 -374.03 73.67 curveto
-375.97 70.14 -384.12 62.62 -389.19 48.14 curveto
-394.27 33.66 -378.58 29.71 -370.3 20.64 curveto
-362.02 11.58 -371.56 1.59 -376.74 -21.2 curveto stroke
 0 0 0 setrgbcolor 0 1.2 dtransform truncate idtransform setlinewidth pop
newpath -364.39 -37.03 moveto
-376.26 -148.38 lineto
-376.26 -148.38 -366.92 -256.07 -357.74 -255.35 curveto
-350.29 -254.76 -337.52 -236.76 -336.08 -240.89 curveto
-311.59 -311.45 -334.84 -263.71 -317.81 -325.16 curveto
-306.89 -364.54 -316.24 -349.9 -317.86 -374.17 curveto
-318.32 -380.98 -314.8 -394.28 -314.67 -399.5 curveto
-314.49 -406.76 -316.21 -409.56 -315.66 -421.69 curveto
-314.93 -437.47 -349.06 -451.91 -357.79 -450.96 curveto stroke
 0 0 1 setrgbcolor 0 0.84 dtransform truncate idtransform setlinewidth pop
newpath -364.15 -37.72 moveto
-375.5 -150.62 lineto
-375.5 -150.62 -362.88 -267.45 -354.07 -266.17 curveto
-347.42 -262.84 -329.76 -251.98 -313.35 -308.25 curveto
-294.44 -354.65 -313.1 -325.45 -305.9 -360.26 curveto
-300.6 -380.35 -308.87 -372.85 -313.34 -387.3 curveto
-314.96 -391.98 -312.49 -401.16 -312.62 -405.36 curveto
-312.82 -411.7 -314.6 -414.69 -313.96 -426.37 curveto
-313.42 -442.04 -347.92 -453.38 -356.96 -451.05 curveto stroke
 1 0 0 setrgbcolor
newpath -376.74 -21.2 moveto
-390.69 -101.01 lineto
-390.69 -101.01 -363.3 -219.51 -354.87 -223.91 curveto
-348.02 -227.48 -324.27 -249.15 -311.63 -261.72 curveto
-298.99 -274.29 -312.89 -268.49 -308.71 -282.64 curveto
-304.53 -296.79 -311.58 -292.91 -315.56 -305.28 curveto
-316.85 -309.3 -314.54 -316.29 -314.49 -319.77 curveto
-314.43 -325.05 -315.79 -327.75 -314.71 -337.71 curveto
-313.23 -351.49 -341.19 -369.1 -349.06 -369.95 curveto stroke
 0 0 0 setrgbcolor 0 1.2 dtransform truncate idtransform setlinewidth pop
newpath 161.72 -527.15 moveto
168.74 -505.24 167.87 -454.33 166.17 -446.74 curveto
164.45 -439.04 147.03 -405.03 142.86 -398.48 curveto
138.65 -391.88 140.41 -367.41 139.97 -350.73 curveto
139.51 -333.64 158.64 -292.85 158.64 -292.85 curveto
158.64 -292.85 166.53 -239.59 167.88 -230.4 curveto
169.22 -221.33 162.1 -224.01 159.81 -224.04 curveto
157.52 -224.08 151.54 -229.06 149.79 -236.98 curveto
148.06 -244.78 137.48 -250.62 137.48 -250.62 curveto
137.48 -250.62 137.82 -245.78 138.06 -243.29 curveto
138.34 -240.29 141.08 -226.46 136.37 -212.33 curveto
133.3 -203.13 138.67 -184.73 140.7 -180.1 curveto
142.77 -175.38 155.83 -139.55 156.19 -136.5 curveto
156.55 -133.44 166.05 -111.92 164.74 -106.1 curveto
163.75 -101.73 164.82 -97.64 166.25 -94.72 curveto
167.7 -91.78 173.65 -73.06 164.55 -56.3 curveto
155.54 -39.72 155.25 -8.2 158.48 3.7 curveto
161.68 15.49 166.17 27.46 168.33 40.81 curveto
173.06 69.99 164.48 77.18 159.49 82.47 curveto
154.51 87.76 146.68 104.06 146.25 108.57 curveto
145.81 113.11 139.33 134.42 129.86 147.61 curveto
120.42 160.75 128.56 179.22 133.32 190.03 curveto
137.64 199.84 132.74 200.8 144.07 204.63 curveto
155.47 208.48 154.81 218.14 159.97 244.17 curveto
165.04 269.75 181.77 265.5 191.27 265.07 curveto
201.01 264.63 231.76 264.23 258.36 255.17 curveto
284.65 246.22 351.13 265.75 355.1 268.47 curveto
359.05 271.19 397 287.19 414.87 292.07 curveto
432.54 296.89 425.19 306.58 424.76 328.47 curveto
424.38 348.15 403.52 376.87 401.57 381.5 curveto
399.63 386.12 401.15 413.8 406.68 428.58 curveto
412.16 443.25 418.79 459.95 425.65 471.96 curveto stroke
 0 0 1 setrgbcolor 0 0.84 dtransform truncate idtransform setlinewidth pop
newpath 159.26 -538.58 moveto
167.92 -510.47 167.87 -455.67 166.18 -447.89 curveto
164.49 -440.07 147.07 -405.23 142.88 -398.7 curveto
138.7 -392.23 140.16 -368.18 140.08 -351.35 curveto
139.22 -334.05 158.87 -293.9 158.87 -293.9 curveto
158.87 -293.9 166.71 -240.35 168.07 -231.13 curveto
169.4 -222.03 162.26 -224.64 159.97 -224.65 curveto
157.67 -224.65 151.63 -229.56 149.91 -237.47 curveto
148.13 -245.24 137.55 -250.87 137.55 -250.87 curveto
137.55 -250.87 137.87 -246.01 138.12 -243.53 curveto
138.39 -240.54 141.23 -226.83 136.44 -212.59 curveto
133.38 -203.23 138.73 -184.91 140.74 -180.26 curveto
142.82 -175.52 155.9 -139.84 156.26 -136.76 curveto
156.61 -133.68 165.96 -112.06 164.76 -106.2 curveto
163.65 -101.85 164.82 -97.73 166.29 -94.84 curveto
167.72 -91.91 173.52 -73.42 164.61 -56.5 curveto
155.39 -40 155.28 -8.41 158.54 3.51 curveto
161.7 15.29 166.2 27.2 168.42 40.51 curveto
173.11 69.67 164.55 76.89 159.57 82.22 curveto
154.57 87.51 146.75 103.84 146.32 108.34 curveto
145.88 112.87 139.31 134.11 129.92 147.41 curveto
120.35 160.59 128.54 179.13 133.35 189.92 curveto
137.61 199.75 132.75 200.74 144.12 204.48 curveto
155.52 208.3 154.65 217.98 160.03 243.97 curveto
164.84 269.73 181.83 265.43 191.34 264.87 curveto
201.09 264.48 231.84 263.86 258.49 254.76 curveto
284.79 245.65 351.32 265.12 355.28 267.84 curveto
359.24 270.55 397.22 286.43 415.11 291.26 curveto
432.8 295.99 425.25 305.76 424.99 327.7 curveto
424.41 347.41 403.69 376.28 401.74 380.92 curveto
399.79 385.55 401.32 413.18 406.88 427.89 curveto
412.37 442.5 419.04 459.11 425.92 471.06 curveto stroke
 1 0 0 setrgbcolor
newpath 218.43 -564.24 moveto
224.24 -535.07 218.62 -479.93 216.13 -472.24 curveto
213.64 -464.54 193.09 -430.92 188.41 -424.46 curveto
183.73 -417.99 181.26 -392.04 178.48 -375.42 curveto
175.69 -358.8 190.9 -318.33 190.9 -318.33 curveto
190.9 -318.33 194.16 -265.55 194.81 -256.19 curveto
195.46 -246.83 188.53 -250.23 186.23 -250.48 curveto
183.94 -250.73 178.24 -256.32 177.12 -264.41 curveto
176.03 -272.28 166.07 -278.87 166.07 -278.87 curveto
166.07 -278.87 165.94 -274.06 165.95 -271.58 curveto
165.95 -268.6 167.66 -254.54 161.6 -240.53 curveto
157.62 -231.33 161.14 -211.71 162.58 -206.58 curveto
164.02 -201.44 172.4 -165.36 172.41 -162.38 curveto
172.42 -159.39 180.52 -136.9 178.6 -130.52 curveto
177.05 -125.37 177.83 -120.31 179.12 -116.86 curveto
180.4 -113.4 184.48 -92.72 173.05 -76.03 curveto
161.63 -59.34 157.47 -26.94 159.48 -14.78 curveto
161.48 -2.62 164.89 9.83 165.97 23.42 curveto
168.36 53.54 159.02 60.17 153.5 65.21 curveto
147.98 70.26 138.59 86.5 137.77 91.06 curveto
136.95 95.61 128.41 116.26 117.81 128.39 curveto
107.21 140.52 113.91 161.49 116.83 174.41 curveto
119.24 185.07 114.32 185.42 124.72 190.52 curveto
135.12 195.63 132.49 204.64 133.8 229.33 curveto
135.12 254.03 151.58 252.16 160.47 252.79 curveto
169.37 253.41 196.77 254.71 222.36 248.18 curveto
247.95 241.65 307.01 263.29 310.37 265.97 curveto
313.73 268.66 347.74 285.6 364.37 291.37 curveto
381 297.15 372.5 305.19 370.05 324.84 curveto
367.84 342.57 346.25 367.07 344.15 371.16 curveto
342.05 375.24 341.95 400.78 346.4 414.87 curveto
350.85 428.95 356.41 445.15 362.42 457.08 curveto stroke
 0 0 0 setrgbcolor 0 1.2 dtransform truncate idtransform setlinewidth pop
newpath 152.32 61.81 moveto
155.14 52.86 154.08 41.77 153.49 38.5 curveto
152.89 35.24 151.18 24.78 151.27 18.25 curveto
151.36 11.74 145.56 3.8 145.56 3.8 curveto
145.56 3.8 135.14 7.58 137.51 25.16 curveto
139.87 42.69 140.35 53.62 140.91 57.53 curveto
141.48 61.43 140.58 64.13 142.23 67.89 curveto
143.64 71.12 148.1 69.85 152.32 61.81 curveto stroke
 0 0 1 setrgbcolor 0 0.84 dtransform truncate idtransform setlinewidth pop
newpath 152.37 61.67 moveto
155.19 52.68 154.14 41.57 153.54 38.31 curveto
152.95 35.05 151.19 24.65 151.3 18.15 curveto
151.36 11.64 145.59 3.71 145.59 3.71 curveto
145.59 3.71 135.09 7.55 137.53 25.09 curveto
139.85 42.56 140.34 53.56 140.92 57.49 curveto
141.46 61.4 140.59 64.1 142.24 67.83 curveto
143.66 71.04 148.13 69.74 152.37 61.67 curveto stroke
 1 0 0 setrgbcolor
newpath 147.89 43.37 moveto
151.51 34.47 151.4 23.17 151.1 19.82 curveto
150.8 16.47 149.96 5.76 150.67 -0.8 curveto
151.38 -7.36 146.32 -15.87 146.32 -15.87 curveto
146.32 -15.87 135.4 -13.06 136.11 4.93 curveto
136.83 22.93 136.28 34.15 136.51 38.16 curveto
136.74 42.17 135.62 44.87 137.02 48.83 curveto
138.22 52.24 142.89 51.29 147.89 43.37 curveto stroke
 0 0 0 setrgbcolor 0 1.2 dtransform truncate idtransform setlinewidth pop
newpath 153.66 -54.88 moveto
153.66 -54.88 159.16 -57.73 160.01 -61.14 curveto
160.86 -64.58 160.35 -69.95 159.63 -72.16 curveto
158.91 -74.38 158.05 -77.23 158.07 -79.14 curveto
158.09 -81.06 155.29 -89.86 151.3 -76.71 curveto
147.39 -63.86 147.28 -65.61 147.02 -61.58 curveto
146.75 -57.55 146.09 -50.74 148.78 -52.52 curveto
151.47 -54.31 153.66 -54.88 153.66 -54.88 curveto closepath stroke
 0 0 1 setrgbcolor 0 0.84 dtransform truncate idtransform setlinewidth pop
newpath 153.69 -54.98 moveto
153.69 -54.98 159.2 -57.88 160.05 -61.3 curveto
160.9 -64.75 160.4 -70.11 159.68 -72.32 curveto
158.95 -74.53 158.09 -77.37 158.11 -79.28 curveto
158.12 -81.18 155.15 -89.95 151.33 -76.83 curveto
147.25 -63.95 147.3 -65.67 147.02 -61.62 curveto
146.76 -57.58 146.1 -50.81 148.8 -52.59 curveto
151.49 -54.39 153.69 -54.98 153.69 -54.98 curveto closepath stroke
 1 0 0 setrgbcolor
newpath 161.4 -75.63 moveto
161.4 -75.63 167.47 -78.13 168.68 -81.65 curveto
169.89 -85.17 169.84 -90.81 169.26 -93.2 curveto
168.69 -95.58 168.03 -98.64 168.24 -100.61 curveto
168.45 -102.58 166.16 -112.11 160.76 -98.93 curveto
155.35 -85.74 155.55 -87.54 154.92 -83.3 curveto
154.3 -79.05 153.03 -71.89 156.03 -73.55 curveto
159.03 -75.22 161.4 -75.63 161.4 -75.63 curveto closepath stroke
 0 0 0 setrgbcolor 0 1.2 dtransform truncate idtransform setlinewidth pop
newpath 309.88 281.35 moveto
307.38 280.69 288.7 271.8 283.14 271.55 curveto
277.58 271.29 255.21 273.4 243.09 278 curveto
230.91 282.62 216.05 280.06 214.69 303.03 curveto
214.49 306.46 215.98 316.19 232.51 317.13 curveto
249.02 318.06 255.86 317.85 261.68 316.48 curveto
267.49 315.11 281.87 315.74 283.99 316.91 curveto
286.1 318.09 305.72 316.98 308.32 314.2 curveto
310.92 311.43 337.07 307.09 338.7 304.97 curveto
340.33 302.85 349.06 302.12 350.62 294.69 curveto
352.19 287.25 357.29 281.02 349.45 276.14 curveto
343.32 272.33 336.86 277.67 333.18 278.81 curveto
329.51 279.95 327.42 282.62 319.64 282.66 curveto
311.84 282.71 312.37 282 309.88 281.35 curveto closepath stroke
 0 0 1 setrgbcolor 0 0.84 dtransform truncate idtransform setlinewidth pop
newpath 310 280.92 moveto
307.51 280.27 288.82 271.38 283.26 271.14 curveto
277.7 270.9 255.3 273.05 243.17 277.72 curveto
230.97 282.36 216.02 279.83 214.72 302.93 curveto
214.41 306.37 215.99 316.2 232.52 317.09 curveto
249.05 317.97 255.9 317.71 261.72 316.33 curveto
267.54 314.95 281.92 315.56 284.04 316.73 curveto
286.15 317.91 305.79 316.74 308.4 313.94 curveto
311 311.14 337.19 306.69 338.82 304.56 curveto
340.45 302.42 349.16 301.64 350.77 294.18 curveto
352.31 286.7 357.46 280.43 349.62 275.56 curveto
343.49 271.75 337.01 277.14 333.34 278.3 curveto
329.65 279.45 327.57 282.13 319.78 282.21 curveto
311.97 282.28 312.5 281.57 310 280.92 curveto closepath stroke
 1 0 0 setrgbcolor
newpath 266.47 274.51 moveto
264.23 273.77 247.95 264.71 242.87 264.16 curveto
237.78 263.61 216.98 264.19 205.33 267.58 curveto
193.69 270.97 180.49 268.04 177.2 288.44 curveto
176.7 291.54 177.55 300.59 192.62 302.38 curveto
207.69 304.17 213.98 304.35 219.38 303.44 curveto
224.79 302.53 237.91 303.95 239.77 305.14 curveto
241.64 306.34 259.71 306.46 262.29 304.09 curveto
264.87 301.71 289.34 299.37 291.03 297.57 curveto
292.72 295.76 300.86 295.64 303.06 289.07 curveto
305.26 282.51 310.8 277.3 304.03 272.42 curveto
298.75 268.62 292.03 272.95 288.46 273.73 curveto
284.89 274.5 282.66 276.75 275.41 276.3 curveto
268.15 275.85 268.72 275.25 266.47 274.51 curveto closepath stroke
 0 0 0 setrgbcolor 0.6
 0 dtransform exch truncate exch idtransform pop setlinewidth
newpath 140.66997 -470.65005 moveto
140.66997 -473.16995 lineto stroke
 0 0.6 dtransform truncate idtransform setlinewidth pop
newpath 139.41002 -475.26994 moveto
140.66997 -473.16995 lineto
141.92992 -475.26994 lineto stroke
newpath 139.41002 -468.55006 moveto
140.66997 -470.65005 lineto
141.92992 -468.55006 lineto stroke
 0.6 0 dtransform exch truncate exch idtransform pop setlinewidth
newpath 144.27 -470.65005 moveto
144.27 -473.16995 lineto stroke
 0 0.6 dtransform truncate idtransform setlinewidth pop
newpath 143.01006 -475.26994 moveto
144.27 -473.16995 lineto
145.52995 -475.26994 lineto stroke
newpath 143.01006 -468.55006 moveto
144.27 -470.65005 lineto
145.52995 -468.55006 lineto stroke
 0.6 0 dtransform exch truncate exch idtransform pop setlinewidth
newpath 147.87004 -470.65005 moveto
147.87004 -473.16995 lineto stroke
 0 0.6 dtransform truncate idtransform setlinewidth pop
newpath 146.61009 -475.26994 moveto
147.87004 -473.16995 lineto
149.12999 -475.26994 lineto stroke
newpath 146.61009 -468.55006 moveto
147.87004 -470.65005 lineto
149.12999 -468.55006 lineto stroke
 0 1.99252 dtransform truncate idtransform setlinewidth pop
newpath 144.27 -471.91 moveto 0 0 rlineto stroke
 0 0 1 setrgbcolor
newpath 144.24 -472.89 moveto 0 0 rlineto stroke
 1 0 0 setrgbcolor
newpath 196.52 -499.57 moveto 0 0 rlineto stroke
 0 0 0 setrgbcolor 0.6
 0 dtransform exch truncate exch idtransform pop setlinewidth
newpath 136.46997 -501.79005 moveto
136.46997 -504.30995 lineto stroke
 0 0.6 dtransform truncate idtransform setlinewidth pop
newpath 135.21002 -506.40994 moveto
136.46997 -504.30995 lineto
137.72992 -506.40994 lineto stroke
newpath 135.21002 -499.69006 moveto
136.46997 -501.79005 lineto
137.72992 -499.69006 lineto stroke
 0.6 0 dtransform exch truncate exch idtransform pop setlinewidth
newpath 140.07 -501.79005 moveto
140.07 -504.30995 lineto stroke
 0 0.6 dtransform truncate idtransform setlinewidth pop
newpath 138.81006 -506.40994 moveto
140.07 -504.30995 lineto
141.32996 -506.40994 lineto stroke
newpath 138.81006 -499.69006 moveto
140.07 -501.79005 lineto
141.32996 -499.69006 lineto stroke
 0.6 0 dtransform exch truncate exch idtransform pop setlinewidth
newpath 143.67004 -501.79005 moveto
143.67004 -504.30995 lineto stroke
 0 0.6 dtransform truncate idtransform setlinewidth pop
newpath 142.4101 -506.40994 moveto
143.67004 -504.30995 lineto
144.93 -506.40994 lineto stroke
newpath 142.4101 -499.69006 moveto
143.67004 -501.79005 lineto
144.93 -499.69006 lineto stroke
 0 1.99252 dtransform truncate idtransform setlinewidth pop
newpath 140.07 -503.05 moveto 0 0 rlineto stroke
 0 0 1 setrgbcolor
newpath 140.01 -503.63 moveto 0 0 rlineto stroke
 1 0 0 setrgbcolor
newpath 195.43 -531.05 moveto 0 0 rlineto stroke
 0 0 0 setrgbcolor 0 0.6 dtransform truncate idtransform setlinewidth pop
newpath 113.2153 -518.79655 moveto
114.3447 -530.74345 lineto stroke
newpath 115.0148 -528.26941 moveto
114.3447 -530.74345 lineto
113.22284 -528.43881 lineto
 closepath fill
newpath 115.0148 -528.26941 moveto
114.3447 -530.74345 lineto
113.22284 -528.43881 lineto
 closepath stroke
 0 1.99252 dtransform truncate idtransform setlinewidth pop
newpath 113.78 -524.77 moveto 0 0 rlineto stroke
 0 0 1 setrgbcolor
newpath 113.72 -527.87 moveto 0 0 rlineto stroke
 1 0 0 setrgbcolor
newpath 171.48 -558.19 moveto 0 0 rlineto stroke
 0 0 0 setrgbcolor 0.6
 0 dtransform exch truncate exch idtransform pop setlinewidth
newpath 133.46997 -528.35005 moveto
133.46997 -530.86995 lineto stroke
 0 0.6 dtransform truncate idtransform setlinewidth pop
newpath 132.21002 -532.96994 moveto
133.46997 -530.86995 lineto
134.72992 -532.96994 lineto stroke
newpath 132.21002 -526.25006 moveto
133.46997 -528.35005 lineto
134.72992 -526.25006 lineto stroke
 0.6 0 dtransform exch truncate exch idtransform pop setlinewidth
newpath 137.07 -528.35005 moveto
137.07 -530.86995 lineto stroke
 0 0.6 dtransform truncate idtransform setlinewidth pop
newpath 135.81006 -532.96994 moveto
137.07 -530.86995 lineto
138.32996 -532.96994 lineto stroke
newpath 135.81006 -526.25006 moveto
137.07 -528.35005 lineto
138.32996 -526.25006 lineto stroke
 0.6 0 dtransform exch truncate exch idtransform pop setlinewidth
newpath 140.67004 -528.35005 moveto
140.67004 -530.86995 lineto stroke
 0 0.6 dtransform truncate idtransform setlinewidth pop
newpath 139.4101 -532.96994 moveto
140.67004 -530.86995 lineto
141.93 -532.96994 lineto stroke
newpath 139.4101 -526.25006 moveto
140.67004 -528.35005 lineto
141.93 -526.25006 lineto stroke
 0 1.99252 dtransform truncate idtransform setlinewidth pop
newpath 137.07 -529.61 moveto 0 0 rlineto stroke
 0 0 1 setrgbcolor
newpath 136.71 -532.18 moveto 0 0 rlineto stroke
 1 0 0 setrgbcolor
newpath 195.08 -560.12 moveto 0 0 rlineto stroke
 0 0 0 setrgbcolor 0 1.2 dtransform truncate idtransform setlinewidth pop
newpath 146.77 -19.16 moveto
146.77 -19.16 148.49 -29.3 148.15 -31.51 curveto
147.81 -33.71 148.39 -40.43 147.31 -42.58 curveto
146.23 -44.73 144.95 -49.08 144.95 -49.08 curveto
144.95 -49.08 139.31 -52.34 138.83 -45.53 curveto
138.34 -38.79 138.6 -25.82 139.91 -21.51 curveto
141.22 -17.2 140.55 -12.25 142.34 -13.56 curveto
144.12 -14.87 146.77 -19.16 146.77 -19.16 curveto closepath stroke
 0 0 1 setrgbcolor 0 0.84 dtransform truncate idtransform setlinewidth pop
newpath 146.82 -19.31 moveto
146.82 -19.31 148.53 -29.43 148.19 -31.64 curveto
147.85 -33.83 148.43 -40.56 147.34 -42.7 curveto
146.28 -44.84 144.97 -49.15 144.97 -49.15 curveto
144.97 -49.15 139.33 -52.38 138.85 -45.61 curveto
138.37 -38.84 138.61 -25.87 139.94 -21.6 curveto
141.25 -17.33 140.59 -12.41 142.39 -13.72 curveto
144.16 -15.04 146.82 -19.31 146.82 -19.31 curveto closepath stroke
 1 0 0 setrgbcolor
newpath 150.11 -38.69 moveto
150.11 -38.69 153.19 -48.81 153.11 -51.14 curveto
153.03 -53.47 154.47 -60.61 153.57 -63.03 curveto
152.67 -65.45 151.69 -70.21 151.69 -70.21 curveto
151.69 -70.21 145.97 -74.14 144.86 -66.96 curveto
143.76 -59.78 142.45 -46.15 143.3 -41.74 curveto
144.16 -37.34 142.97 -32.49 144.92 -33.61 curveto
146.86 -34.72 150.11 -38.69 150.11 -38.69 curveto closepath stroke
 0 0 0 setrgbcolor 0 0.42001 dtransform truncate idtransform setlinewidth pop
newpath -237.52997 -495.41 moveto
-232.73004 -495.41 lineto stroke
 0.42001 0 dtransform exch truncate exch idtransform pop setlinewidth
newpath -235.13 -497.80997 moveto
-235.13 -493.01004 lineto stroke
 0.00002 0.00018 0.00008 setrgbcolor
newpath -234.16998 -495.41 moveto
-234.16998 -495.15538 -234.27115 -494.91121 -234.45119 -494.73119 curveto
-234.63121 -494.55115 -234.87538 -494.44998 -235.13 -494.44998 curveto
-235.38463 -494.44998 -235.6288 -494.55115 -235.80882 -494.73119 curveto
-235.98886 -494.91121 -236.09003 -495.15538 -236.09003 -495.41 curveto
-236.09003 -495.66463 -235.98886 -495.9088 -235.80882 -496.08882 curveto
-235.6288 -496.26886 -235.38463 -496.37003 -235.13 -496.37003 curveto
-234.87538 -496.37003 -234.63121 -496.26886 -234.45119 -496.08882 curveto
-234.27115 -495.9088 -234.16998 -495.66463 -234.16998 -495.41 curveto closepath
 fill
 0 0 0 setrgbcolor 0 0.6 dtransform truncate idtransform setlinewidth pop
newpath -235.13 -495.41 moveto 0 0 rlineto stroke
 1 0 0 setrgbcolor 0 3.98505 dtransform truncate idtransform setlinewidth pop
newpath -247.72 -385.36 moveto 0 0 rlineto stroke
 0 0 0 setrgbcolor 0 0.42001 dtransform truncate idtransform setlinewidth pop
newpath -255.85997 -434.28 moveto
-251.06004 -434.28 lineto stroke
 0.42001 0 dtransform exch truncate exch idtransform pop setlinewidth
newpath -253.46 -436.67996 moveto
-253.46 -431.88004 lineto stroke
 0.00002 0.00018 0.00008 setrgbcolor
newpath -252.49998 -434.28 moveto
-252.49998 -434.02538 -252.60115 -433.7812 -252.78119 -433.60118 curveto
-252.96121 -433.42114 -253.20538 -433.31998 -253.46 -433.31998 curveto
-253.71463 -433.31998 -253.9588 -433.42114 -254.13882 -433.60118 curveto
-254.31886 -433.7812 -254.42003 -434.02538 -254.42003 -434.28 curveto
-254.42003 -434.53462 -254.31886 -434.7788 -254.13882 -434.95882 curveto
-253.9588 -435.13885 -253.71463 -435.24002 -253.46 -435.24002 curveto
-253.20538 -435.24002 -252.96121 -435.13885 -252.78119 -434.95882 curveto
-252.60115 -434.7788 -252.49998 -434.53462 -252.49998 -434.28 curveto closepath
 fill
 0 0 0 setrgbcolor 0 0.6 dtransform truncate idtransform setlinewidth pop
newpath -253.46 -434.28 moveto 0 0 rlineto stroke
 1 0 0 setrgbcolor 0 3.98505 dtransform truncate idtransform setlinewidth pop
newpath -263.67 -339.62 moveto 0 0 rlineto stroke
 0 0 0 setrgbcolor 0 0.42001 dtransform truncate idtransform setlinewidth pop
newpath -291.69997 -411.23 moveto
-286.90004 -411.23 lineto stroke
 0.42001 0 dtransform exch truncate exch idtransform pop setlinewidth
newpath -289.3 -413.62996 moveto
-289.3 -408.83003 lineto stroke
 0.00002 0.00018 0.00008 setrgbcolor
newpath -288.33998 -411.23 moveto
-288.33998 -410.97537 -288.44115 -410.7312 -288.62119 -410.55118 curveto
-288.80121 -410.37114 -289.04538 -410.26997 -289.3 -410.26997 curveto
-289.55463 -410.26997 -289.7988 -410.37114 -289.97882 -410.55118 curveto
-290.15886 -410.7312 -290.26003 -410.97537 -290.26003 -411.23 curveto
-290.26003 -411.48462 -290.15886 -411.72879 -289.97882 -411.90881 curveto
-289.7988 -412.08885 -289.55463 -412.19002 -289.3 -412.19002 curveto
-289.04538 -412.19002 -288.80121 -412.08885 -288.62119 -411.90881 curveto
-288.44115 -411.72879 -288.33998 -411.48462 -288.33998 -411.23 curveto
 closepath fill
 0 0 0 setrgbcolor 0 0.6 dtransform truncate idtransform setlinewidth pop
newpath -289.3 -411.23 moveto 0 0 rlineto stroke
 1 0 0 setrgbcolor 0 3.98505 dtransform truncate idtransform setlinewidth pop
newpath -294.59 -323.36 moveto 0 0 rlineto stroke
 0 0 0 setrgbcolor 0 0.42001 dtransform truncate idtransform setlinewidth pop
newpath -347.30997 -243.01 moveto
-342.51004 -243.01 lineto stroke
 0.42001 0 dtransform exch truncate exch idtransform pop setlinewidth
newpath -344.91 -245.40996 moveto
-344.91 -240.61003 lineto stroke
 0.00002 0.00018 0.00008 setrgbcolor
newpath -343.94998 -243.01 moveto
-343.94998 -242.75537 -344.05115 -242.5112 -344.23119 -242.33118 curveto
-344.41121 -242.15114 -344.65538 -242.04997 -344.91 -242.04997 curveto
-345.16463 -242.04997 -345.4088 -242.15114 -345.58882 -242.33118 curveto
-345.76886 -242.5112 -345.87003 -242.75537 -345.87003 -243.01 curveto
-345.87003 -243.26462 -345.76886 -243.50879 -345.58882 -243.68881 curveto
-345.4088 -243.86885 -345.16463 -243.97002 -344.91 -243.97002 curveto
-344.65538 -243.97002 -344.41121 -243.86885 -344.23119 -243.68881 curveto
-344.05115 -243.50879 -343.94998 -243.26462 -343.94998 -243.01 curveto
 closepath fill
 0 0 0 setrgbcolor 0 0.6 dtransform truncate idtransform setlinewidth pop
newpath -344.91 -243.01 moveto 0 0 rlineto stroke
 1 0 0 setrgbcolor 0 3.98505 dtransform truncate idtransform setlinewidth pop
newpath -347.3 -181.93 moveto 0 0 rlineto stroke
 0 0 0 setrgbcolor 0 0.42001 dtransform truncate idtransform setlinewidth pop
newpath -345.88997 -109.48 moveto
-341.09004 -109.48 lineto stroke
 0.42001 0 dtransform exch truncate exch idtransform pop setlinewidth
newpath -343.49 -111.87996 moveto
-343.49 -107.08003 lineto stroke
 0.00002 0.00018 0.00008 setrgbcolor
newpath -342.52998 -109.48 moveto
-342.52998 -109.22537 -342.63115 -108.9812 -342.81119 -108.80118 curveto
-342.99121 -108.62114 -343.23538 -108.51997 -343.49 -108.51997 curveto
-343.74463 -108.51997 -343.9888 -108.62114 -344.16882 -108.80118 curveto
-344.34886 -108.9812 -344.45003 -109.22537 -344.45003 -109.48 curveto
-344.45003 -109.73462 -344.34886 -109.97879 -344.16882 -110.15881 curveto
-343.9888 -110.33885 -343.74463 -110.44002 -343.49 -110.44002 curveto
-343.23538 -110.44002 -342.99121 -110.33885 -342.81119 -110.15881 curveto
-342.63115 -109.97879 -342.52998 -109.73462 -342.52998 -109.48 curveto
 closepath fill
 0 0 0 setrgbcolor 0 0.6 dtransform truncate idtransform setlinewidth pop
newpath -343.49 -109.48 moveto 0 0 rlineto stroke
 1 0 0 setrgbcolor 0 3.98505 dtransform truncate idtransform setlinewidth pop
newpath -284.64 -228.94 moveto 0 0 rlineto stroke
 0 0 0 setrgbcolor 0 0.42001 dtransform truncate idtransform setlinewidth pop
newpath -347.27997 -167.89 moveto
-342.48004 -167.89 lineto stroke
 0.42001 0 dtransform exch truncate exch idtransform pop setlinewidth
newpath -344.88 -170.28996 moveto
-344.88 -165.49004 lineto stroke
 0.00002 0.00018 0.00008 setrgbcolor
newpath -343.91998 -167.89 moveto
-343.91998 -167.63538 -344.02115 -167.3912 -344.20119 -167.21118 curveto
-344.38121 -167.03114 -344.62538 -166.92998 -344.88 -166.92998 curveto
-345.13463 -166.92998 -345.3788 -167.03114 -345.55882 -167.21118 curveto
-345.73886 -167.3912 -345.84003 -167.63538 -345.84003 -167.89 curveto
-345.84003 -168.14462 -345.73886 -168.3888 -345.55882 -168.56882 curveto
-345.3788 -168.74886 -345.13463 -168.85002 -344.88 -168.85002 curveto
-344.62538 -168.85002 -344.38121 -168.74886 -344.20119 -168.56882 curveto
-344.02115 -168.3888 -343.91998 -168.14462 -343.91998 -167.89 curveto closepath
 fill
 0 0 0 setrgbcolor 0 0.6 dtransform truncate idtransform setlinewidth pop
newpath -344.88 -167.89 moveto 0 0 rlineto stroke
 1 0 0 setrgbcolor 0 3.98505 dtransform truncate idtransform setlinewidth pop
newpath -349.1 -117.69 moveto 0 0 rlineto stroke
 0 0 0 setrgbcolor 0 0.42001 dtransform truncate idtransform setlinewidth pop
newpath -345.88997 -109.48 moveto
-341.09004 -109.48 lineto stroke
 0.42001 0 dtransform exch truncate exch idtransform pop setlinewidth
newpath -343.49 -111.87996 moveto
-343.49 -107.08003 lineto stroke
 0.00002 0.00018 0.00008 setrgbcolor
newpath -342.52998 -109.48 moveto
-342.52998 -109.22537 -342.63115 -108.9812 -342.81119 -108.80118 curveto
-342.99121 -108.62114 -343.23538 -108.51997 -343.49 -108.51997 curveto
-343.74463 -108.51997 -343.9888 -108.62114 -344.16882 -108.80118 curveto
-344.34886 -108.9812 -344.45003 -109.22537 -344.45003 -109.48 curveto
-344.45003 -109.73462 -344.34886 -109.97879 -344.16882 -110.15881 curveto
-343.9888 -110.33885 -343.74463 -110.44002 -343.49 -110.44002 curveto
-343.23538 -110.44002 -342.99121 -110.33885 -342.81119 -110.15881 curveto
-342.63115 -109.97879 -342.52998 -109.73462 -342.52998 -109.48 curveto
 closepath fill
 0 0 0 setrgbcolor 0 0.6 dtransform truncate idtransform setlinewidth pop
newpath -343.49 -109.48 moveto 0 0 rlineto stroke
 1 0 0 setrgbcolor 0 3.98505 dtransform truncate idtransform setlinewidth pop
newpath -284.64 -228.94 moveto 0 0 rlineto stroke
 0 0 0 setrgbcolor 0 0.42001 dtransform truncate idtransform setlinewidth pop
newpath -347.27997 -167.89 moveto
-342.48004 -167.89 lineto stroke
 0.42001 0 dtransform exch truncate exch idtransform pop setlinewidth
newpath -344.88 -170.28996 moveto
-344.88 -165.49004 lineto stroke
 0.00002 0.00018 0.00008 setrgbcolor
newpath -343.91998 -167.89 moveto
-343.91998 -167.63538 -344.02115 -167.3912 -344.20119 -167.21118 curveto
-344.38121 -167.03114 -344.62538 -166.92998 -344.88 -166.92998 curveto
-345.13463 -166.92998 -345.3788 -167.03114 -345.55882 -167.21118 curveto
-345.73886 -167.3912 -345.84003 -167.63538 -345.84003 -167.89 curveto
-345.84003 -168.14462 -345.73886 -168.3888 -345.55882 -168.56882 curveto
-345.3788 -168.74886 -345.13463 -168.85002 -344.88 -168.85002 curveto
-344.62538 -168.85002 -344.38121 -168.74886 -344.20119 -168.56882 curveto
-344.02115 -168.3888 -343.91998 -168.14462 -343.91998 -167.89 curveto closepath
 fill
 0 0 0 setrgbcolor 0 0.6 dtransform truncate idtransform setlinewidth pop
newpath -344.88 -167.89 moveto 0 0 rlineto stroke
 1 0 0 setrgbcolor 0 3.98505 dtransform truncate idtransform setlinewidth pop
newpath -349.1 -117.69 moveto 0 0 rlineto stroke
 0 0 0 setrgbcolor 0 0.42001 dtransform truncate idtransform setlinewidth pop
newpath -345.88997 -109.48 moveto
-341.09004 -109.48 lineto stroke
 0.42001 0 dtransform exch truncate exch idtransform pop setlinewidth
newpath -343.49 -111.87996 moveto
-343.49 -107.08003 lineto stroke
 0.00002 0.00018 0.00008 setrgbcolor
newpath -342.52998 -109.48 moveto
-342.52998 -109.22537 -342.63115 -108.9812 -342.81119 -108.80118 curveto
-342.99121 -108.62114 -343.23538 -108.51997 -343.49 -108.51997 curveto
-343.74463 -108.51997 -343.9888 -108.62114 -344.16882 -108.80118 curveto
-344.34886 -108.9812 -344.45003 -109.22537 -344.45003 -109.48 curveto
-344.45003 -109.73462 -344.34886 -109.97879 -344.16882 -110.15881 curveto
-343.9888 -110.33885 -343.74463 -110.44002 -343.49 -110.44002 curveto
-343.23538 -110.44002 -342.99121 -110.33885 -342.81119 -110.15881 curveto
-342.63115 -109.97879 -342.52998 -109.73462 -342.52998 -109.48 curveto
 closepath fill
 0 0 0 setrgbcolor 0 0.6 dtransform truncate idtransform setlinewidth pop
newpath -343.49 -109.48 moveto 0 0 rlineto stroke
 1 0 0 setrgbcolor 0 3.98505 dtransform truncate idtransform setlinewidth pop
newpath -349.27 -68.76 moveto 0 0 rlineto stroke
 0 0 0 setrgbcolor 0 0.42001 dtransform truncate idtransform setlinewidth pop
newpath -353.30997 -21.51 moveto
-348.51004 -21.51 lineto stroke
 0.42001 0 dtransform exch truncate exch idtransform pop setlinewidth
newpath -350.91 -23.90996 moveto
-350.91 -19.11003 lineto stroke
 0.00002 0.00018 0.00008 setrgbcolor
newpath -349.94998 -21.51 moveto
-349.94998 -21.25537 -350.05115 -21.0112 -350.23119 -20.83118 curveto
-350.41121 -20.65114 -350.65538 -20.54997 -350.91 -20.54997 curveto
-351.16463 -20.54997 -351.4088 -20.65114 -351.58882 -20.83118 curveto
-351.76886 -21.0112 -351.87003 -21.25537 -351.87003 -21.51 curveto
-351.87003 -21.76462 -351.76886 -22.00879 -351.58882 -22.18881 curveto
-351.4088 -22.36885 -351.16463 -22.47002 -350.91 -22.47002 curveto
-350.65538 -22.47002 -350.41121 -22.36885 -350.23119 -22.18881 curveto
-350.05115 -22.00879 -349.94998 -21.76462 -349.94998 -21.51 curveto closepath
 fill
 0 0 0 setrgbcolor 0 0.6 dtransform truncate idtransform setlinewidth pop
newpath -350.91 -21.51 moveto 0 0 rlineto stroke
 1 0 0 setrgbcolor 0 3.98505 dtransform truncate idtransform setlinewidth pop
newpath -357.97 6.91 moveto 0 0 rlineto stroke
 0 0 0 setrgbcolor 0 0.42001 dtransform truncate idtransform setlinewidth pop
newpath -350.88997 29.39 moveto
-346.09004 29.39 lineto stroke
 0.42001 0 dtransform exch truncate exch idtransform pop setlinewidth
newpath -348.49 26.99004 moveto
-348.49 31.78996 lineto stroke
 0.00002 0.00018 0.00008 setrgbcolor
newpath -347.52998 29.39 moveto
-347.52998 29.64462 -347.63115 29.8888 -347.81119 30.06882 curveto
-347.99121 30.24886 -348.23538 30.35002 -348.49 30.35002 curveto
-348.74463 30.35002 -348.9888 30.24886 -349.16882 30.06882 curveto
-349.34886 29.8888 -349.45003 29.64462 -349.45003 29.39 curveto
-349.45003 29.13538 -349.34886 28.8912 -349.16882 28.71118 curveto
-348.9888 28.53114 -348.74463 28.42998 -348.49 28.42998 curveto
-348.23538 28.42998 -347.99121 28.53114 -347.81119 28.71118 curveto
-347.63115 28.8912 -347.52998 29.13538 -347.52998 29.39 curveto closepath fill
 0 0 0 setrgbcolor 0 0.6 dtransform truncate idtransform setlinewidth pop
newpath -348.49 29.39 moveto 0 0 rlineto stroke
 1 0 0 setrgbcolor 0 3.98505 dtransform truncate idtransform setlinewidth pop
newpath -357.2 49.58 moveto 0 0 rlineto stroke
 0 0 0 setrgbcolor 0 0.42001 dtransform truncate idtransform setlinewidth pop
newpath -318.21997 15.96 moveto
-313.42004 15.96 lineto stroke
 0.42001 0 dtransform exch truncate exch idtransform pop setlinewidth
newpath -315.82 13.56004 moveto
-315.82 18.35997 lineto stroke
 0.00002 0.00018 0.00008 setrgbcolor
newpath -314.85999 15.96 moveto
-314.85999 16.21463 -314.96115 16.4588 -315.14119 16.63882 curveto
-315.32121 16.81886 -315.56538 16.92003 -315.82 16.92003 curveto
-316.07463 16.92003 -316.3188 16.81886 -316.49883 16.63882 curveto
-316.67886 16.4588 -316.78003 16.21463 -316.78003 15.96 curveto
-316.78003 15.70538 -316.67886 15.46121 -316.49883 15.28119 curveto
-316.3188 15.10115 -316.07463 14.99998 -315.82 14.99998 curveto
-315.56538 14.99998 -315.32121 15.10115 -315.14119 15.28119 curveto
-314.96115 15.46121 -314.85999 15.70538 -314.85999 15.96 curveto closepath fill
 0 0 0 setrgbcolor 0 0.6 dtransform truncate idtransform setlinewidth pop
newpath -315.82 15.96 moveto 0 0 rlineto stroke
 1 0 0 setrgbcolor 0 3.98505 dtransform truncate idtransform setlinewidth pop
newpath -322.99 36.42 moveto 0 0 rlineto stroke
 0 0 0 setrgbcolor 0 0.42001 dtransform truncate idtransform setlinewidth pop
newpath -250.67996 55.15 moveto
-245.88004 55.15 lineto stroke
 0.42001 0 dtransform exch truncate exch idtransform pop setlinewidth
newpath -248.28 52.75003 moveto
-248.28 57.54996 lineto stroke
 0.00002 0.00018 0.00008 setrgbcolor
newpath -247.31998 55.15 moveto
-247.31998 55.40462 -247.42114 55.64879 -247.60118 55.82881 curveto
-247.7812 56.00885 -248.02538 56.11002 -248.28 56.11002 curveto
-248.53462 56.11002 -248.7788 56.00885 -248.95882 55.82881 curveto
-249.13885 55.64879 -249.24002 55.40462 -249.24002 55.15 curveto
-249.24002 54.89537 -249.13885 54.6512 -248.95882 54.47118 curveto
-248.7788 54.29114 -248.53462 54.18997 -248.28 54.18997 curveto
-248.02538 54.18997 -247.7812 54.29114 -247.60118 54.47118 curveto
-247.42114 54.6512 -247.31998 54.89537 -247.31998 55.15 curveto closepath fill
 0 0 0 setrgbcolor 0 0.6 dtransform truncate idtransform setlinewidth pop
newpath -248.28 55.15 moveto 0 0 rlineto stroke
 1 0 0 setrgbcolor 0 3.98505 dtransform truncate idtransform setlinewidth pop
newpath -260.49 71.79 moveto 0 0 rlineto stroke
 0 0 0 setrgbcolor 0 0.42001 dtransform truncate idtransform setlinewidth pop
newpath -284.11996 81.05 moveto
-279.32004 81.05 lineto stroke
 0.42001 0 dtransform exch truncate exch idtransform pop setlinewidth
newpath -281.72 78.65004 moveto
-281.72 83.44997 lineto stroke
 0.00002 0.00018 0.00008 setrgbcolor
newpath -280.75998 81.05 moveto
-280.75998 81.30463 -280.86115 81.5488 -281.04118 81.72882 curveto
-281.2212 81.90886 -281.46538 82.01003 -281.72 82.01003 curveto
-281.97462 82.01003 -282.2188 81.90886 -282.39882 81.72882 curveto
-282.57886 81.5488 -282.68002 81.30463 -282.68002 81.05 curveto
-282.68002 80.79538 -282.57886 80.55121 -282.39882 80.37119 curveto
-282.2188 80.19115 -281.97462 80.08998 -281.72 80.08998 curveto
-281.46538 80.08998 -281.2212 80.19115 -281.04118 80.37119 curveto
-280.86115 80.55121 -280.75998 80.79538 -280.75998 81.05 curveto closepath fill
 0 0 0 setrgbcolor 0 0.6 dtransform truncate idtransform setlinewidth pop
newpath -281.72 81.05 moveto 0 0 rlineto stroke
 1 0 0 setrgbcolor 0 3.98505 dtransform truncate idtransform setlinewidth pop
newpath -289.27 90.41 moveto 0 0 rlineto stroke
 0 0 0 setrgbcolor 0 0.42001 dtransform truncate idtransform setlinewidth pop
newpath -216.37996 108.49 moveto
-211.58003 108.49 lineto stroke
 0.42001 0 dtransform exch truncate exch idtransform pop setlinewidth
newpath -213.98 106.09004 moveto
-213.98 110.88997 lineto stroke
 0.00002 0.00018 0.00008 setrgbcolor
newpath -213.01997 108.49 moveto
-213.01997 108.74463 -213.12114 108.9888 -213.30118 109.16882 curveto
-213.4812 109.34886 -213.72537 109.45003 -213.98 109.45003 curveto
-214.23462 109.45003 -214.47879 109.34886 -214.65881 109.16882 curveto
-214.83885 108.9888 -214.94002 108.74463 -214.94002 108.49 curveto
-214.94002 108.23538 -214.83885 107.99121 -214.65881 107.81119 curveto
-214.47879 107.63115 -214.23462 107.52998 -213.98 107.52998 curveto
-213.72537 107.52998 -213.4812 107.63115 -213.30118 107.81119 curveto
-213.12114 107.99121 -213.01997 108.23538 -213.01997 108.49 curveto closepath
 fill
 0 0 0 setrgbcolor 0 0.6 dtransform truncate idtransform setlinewidth pop
newpath -213.98 108.49 moveto 0 0 rlineto stroke
 1 0 0 setrgbcolor 0 3.98505 dtransform truncate idtransform setlinewidth pop
newpath -226.04 115.57 moveto 0 0 rlineto stroke
 0 0 0 setrgbcolor 0 0.42001 dtransform truncate idtransform setlinewidth pop
newpath -189.76996 88.64 moveto
-184.97003 88.64 lineto stroke
 0.42001 0 dtransform exch truncate exch idtransform pop setlinewidth
newpath -187.37 86.24004 moveto
-187.37 91.03996 lineto stroke
 0.00002 0.00018 0.00008 setrgbcolor
newpath -186.40997 88.64 moveto
-186.40997 88.89462 -186.51114 89.1388 -186.69118 89.31882 curveto
-186.8712 89.49886 -187.11537 89.60002 -187.37 89.60002 curveto
-187.62462 89.60002 -187.86879 89.49886 -188.04881 89.31882 curveto
-188.22885 89.1388 -188.33002 88.89462 -188.33002 88.64 curveto
-188.33002 88.38538 -188.22885 88.1412 -188.04881 87.96118 curveto
-187.86879 87.78114 -187.62462 87.67998 -187.37 87.67998 curveto
-187.11537 87.67998 -186.8712 87.78114 -186.69118 87.96118 curveto
-186.51114 88.1412 -186.40997 88.38538 -186.40997 88.64 curveto closepath fill
 0 0 0 setrgbcolor 0 0.6 dtransform truncate idtransform setlinewidth pop
newpath -187.37 88.64 moveto 0 0 rlineto stroke
 1 0 0 setrgbcolor 0 3.98505 dtransform truncate idtransform setlinewidth pop
newpath -196.9 95.39 moveto 0 0 rlineto stroke
 0 0 0 setrgbcolor 0 0.42001 dtransform truncate idtransform setlinewidth pop
newpath -160.19997 97.87 moveto
-155.40004 97.87 lineto stroke
 0.42001 0 dtransform exch truncate exch idtransform pop setlinewidth
newpath -157.8 95.47003 moveto
-157.8 100.26996 lineto stroke
 0.00002 0.00018 0.00008 setrgbcolor
newpath -156.83998 97.87 moveto
-156.83998 98.12462 -156.94115 98.36879 -157.12119 98.54881 curveto
-157.30121 98.72885 -157.54538 98.83002 -157.8 98.83002 curveto
-158.05463 98.83002 -158.2988 98.72885 -158.47882 98.54881 curveto
-158.65886 98.36879 -158.76003 98.12462 -158.76003 97.87 curveto
-158.76003 97.61537 -158.65886 97.3712 -158.47882 97.19118 curveto
-158.2988 97.01114 -158.05463 96.90997 -157.8 96.90997 curveto
-157.54538 96.90997 -157.30121 97.01114 -157.12119 97.19118 curveto
-156.94115 97.3712 -156.83998 97.61537 -156.83998 97.87 curveto closepath fill
 0 0 0 setrgbcolor 0 0.6 dtransform truncate idtransform setlinewidth pop
newpath -157.8 97.87 moveto 0 0 rlineto stroke
 1 0 0 setrgbcolor 0 3.98505 dtransform truncate idtransform setlinewidth pop
newpath -168.16 104.21 moveto 0 0 rlineto stroke
 0 0 0 setrgbcolor 0 0.42001 dtransform truncate idtransform setlinewidth pop
newpath -147.93996 112.11 moveto
-143.14003 112.11 lineto stroke
 0.42001 0 dtransform exch truncate exch idtransform pop setlinewidth
newpath -145.54 109.71004 moveto
-145.54 114.50996 lineto stroke
 0.00002 0.00018 0.00008 setrgbcolor
newpath -144.57997 112.11 moveto
-144.57997 112.36462 -144.68114 112.6088 -144.86118 112.78882 curveto
-145.0412 112.96886 -145.28537 113.07002 -145.54 113.07002 curveto
-145.79462 113.07002 -146.03879 112.96886 -146.21881 112.78882 curveto
-146.39885 112.6088 -146.50002 112.36462 -146.50002 112.11 curveto
-146.50002 111.85538 -146.39885 111.6112 -146.21881 111.43118 curveto
-146.03879 111.25114 -145.79462 111.14998 -145.54 111.14998 curveto
-145.28537 111.14998 -145.0412 111.25114 -144.86118 111.43118 curveto
-144.68114 111.6112 -144.57997 111.85538 -144.57997 112.11 curveto closepath
 fill
 0 0 0 setrgbcolor 0 0.6 dtransform truncate idtransform setlinewidth pop
newpath -145.54 112.11 moveto 0 0 rlineto stroke
 1 0 0 setrgbcolor 0 3.98505 dtransform truncate idtransform setlinewidth pop
newpath -157.27 116.19 moveto 0 0 rlineto stroke
 0 0 0 setrgbcolor 0 0.42001 dtransform truncate idtransform setlinewidth pop
newpath -103.06996 176.13 moveto
-98.27003 176.13 lineto stroke
 0.42001 0 dtransform exch truncate exch idtransform pop setlinewidth
newpath -100.67 173.73004 moveto
-100.67 178.52997 lineto stroke
 0.00002 0.00018 0.00008 setrgbcolor
newpath -99.70998 176.13 moveto
-99.70998 176.38463 -99.81114 176.6288 -99.99118 176.80882 curveto
-100.1712 176.98886 -100.41537 177.09003 -100.67 177.09003 curveto
-100.92462 177.09003 -101.1688 176.98886 -101.34882 176.80882 curveto
-101.52885 176.6288 -101.63002 176.38463 -101.63002 176.13 curveto
-101.63002 175.87538 -101.52885 175.63121 -101.34882 175.45119 curveto
-101.1688 175.27115 -100.92462 175.16998 -100.67 175.16998 curveto
-100.41537 175.16998 -100.1712 175.27115 -99.99118 175.45119 curveto
-99.81114 175.63121 -99.70998 175.87538 -99.70998 176.13 curveto closepath fill
 0 0 0 setrgbcolor 0 0.6 dtransform truncate idtransform setlinewidth pop
newpath -100.67 176.13 moveto 0 0 rlineto stroke
 1 0 0 setrgbcolor 0 3.98505 dtransform truncate idtransform setlinewidth pop
newpath -117.1 173.17 moveto 0 0 rlineto stroke
 0 0 0 setrgbcolor 0 0.42001 dtransform truncate idtransform setlinewidth pop
newpath -75.11996 249.98 moveto
-70.32004 249.98 lineto stroke
 0.42001 0 dtransform exch truncate exch idtransform pop setlinewidth
newpath -72.72 247.58003 moveto
-72.72 252.37996 lineto stroke
 0.00002 0.00018 0.00008 setrgbcolor
newpath -71.75998 249.98 moveto
-71.75998 250.23462 -71.86115 250.47879 -72.04118 250.65881 curveto
-72.2212 250.83885 -72.46538 250.94002 -72.72 250.94002 curveto
-72.97462 250.94002 -73.2188 250.83885 -73.39882 250.65881 curveto
-73.57886 250.47879 -73.68002 250.23462 -73.68002 249.98 curveto
-73.68002 249.72537 -73.57886 249.4812 -73.39882 249.30118 curveto
-73.2188 249.12114 -72.97462 249.01997 -72.72 249.01997 curveto
-72.46538 249.01997 -72.2212 249.12114 -72.04118 249.30118 curveto
-71.86115 249.4812 -71.75998 249.72537 -71.75998 249.98 curveto closepath fill
 0 0 0 setrgbcolor 0 0.6 dtransform truncate idtransform setlinewidth pop
newpath -72.72 249.98 moveto 0 0 rlineto stroke
 1 0 0 setrgbcolor 0 3.98505 dtransform truncate idtransform setlinewidth pop
newpath -93.18 237.98 moveto 0 0 rlineto stroke
 0 0 0 setrgbcolor 0 0.42001 dtransform truncate idtransform setlinewidth pop
newpath 1.38004 283.28 moveto
6.17996 283.28 lineto stroke
 0.42001 0 dtransform exch truncate exch idtransform pop setlinewidth
newpath 3.78 280.88004 moveto
3.78 285.67996 lineto stroke
 0.00002 0.00018 0.00008 setrgbcolor
newpath 4.74002 283.28 moveto
4.74002 283.53462 4.63885 283.7788 4.45882 283.95882 curveto
4.2788 284.13885 4.03462 284.24002 3.78 284.24002 curveto
3.52538 284.24002 3.2812 284.13885 3.10118 283.95882 curveto
2.92114 283.7788 2.81998 283.53462 2.81998 283.28 curveto
2.81998 283.02538 2.92114 282.7812 3.10118 282.60118 curveto
3.2812 282.42114 3.52538 282.31998 3.78 282.31998 curveto
4.03462 282.31998 4.2788 282.42114 4.45882 282.60118 curveto
4.63885 282.7812 4.74002 283.02538 4.74002 283.28 curveto closepath fill
 0 0 0 setrgbcolor 0 0.6 dtransform truncate idtransform setlinewidth pop
newpath 3.78 283.28 moveto 0 0 rlineto stroke
 1 0 0 setrgbcolor 0 3.98505 dtransform truncate idtransform setlinewidth pop
newpath -21.89 267.96 moveto 0 0 rlineto stroke
 0 0 0 setrgbcolor 0 0.42001 dtransform truncate idtransform setlinewidth pop
newpath 87.22003 266.87 moveto
92.01996 266.87 lineto stroke
 0.42001 0 dtransform exch truncate exch idtransform pop setlinewidth
newpath 89.62 264.47003 moveto
89.62 269.26996 lineto stroke
 0.00002 0.00018 0.00008 setrgbcolor
newpath 90.58002 266.87 moveto
90.58002 267.12462 90.47885 267.36879 90.29881 267.54881 curveto
90.11879 267.72885 89.87462 267.83002 89.62 267.83002 curveto
89.36537 267.83002 89.1212 267.72885 88.94118 267.54881 curveto
88.76114 267.36879 88.65997 267.12462 88.65997 266.87 curveto
88.65997 266.61537 88.76114 266.3712 88.94118 266.19118 curveto
89.1212 266.01114 89.36537 265.90997 89.62 265.90997 curveto
89.87462 265.90997 90.11879 266.01114 90.29881 266.19118 curveto
90.47885 266.3712 90.58002 266.61537 90.58002 266.87 curveto closepath fill
 0 0 0 setrgbcolor 0 0.6 dtransform truncate idtransform setlinewidth pop
newpath 89.62 266.87 moveto 0 0 rlineto stroke
 1 0 0 setrgbcolor 0 3.98505 dtransform truncate idtransform setlinewidth pop
newpath 61.79 252.24 moveto 0 0 rlineto stroke
 0 0 0 setrgbcolor 0 0.42001 dtransform truncate idtransform setlinewidth pop
newpath 158.00003 283.41 moveto
162.79996 283.41 lineto stroke
 0.42001 0 dtransform exch truncate exch idtransform pop setlinewidth
newpath 160.4 281.01004 moveto
160.4 285.80997 lineto stroke
 0.00002 0.00018 0.00008 setrgbcolor
newpath 161.36002 283.41 moveto
161.36002 283.66463 161.25885 283.9088 161.07881 284.08882 curveto
160.89879 284.26886 160.65462 284.37003 160.4 284.37003 curveto
160.14537 284.37003 159.9012 284.26886 159.72118 284.08882 curveto
159.54114 283.9088 159.43997 283.66463 159.43997 283.41 curveto
159.43997 283.15538 159.54114 282.91121 159.72118 282.73119 curveto
159.9012 282.55115 160.14537 282.44998 160.4 282.44998 curveto
160.65462 282.44998 160.89879 282.55115 161.07881 282.73119 curveto
161.25885 282.91121 161.36002 283.15538 161.36002 283.41 curveto closepath fill
 0 0 0 setrgbcolor 0 0.6 dtransform truncate idtransform setlinewidth pop
newpath 160.4 283.41 moveto 0 0 rlineto stroke
 1 0 0 setrgbcolor 0 3.98505 dtransform truncate idtransform setlinewidth pop
newpath 129.27 266.32 moveto 0 0 rlineto stroke
 0 0 0 setrgbcolor 0 0.42001 dtransform truncate idtransform setlinewidth pop
newpath 219.72003 323.28 moveto
224.51996 323.28 lineto stroke
 0.42001 0 dtransform exch truncate exch idtransform pop setlinewidth
newpath 222.12 320.88004 moveto
222.12 325.67996 lineto stroke
 0.00002 0.00018 0.00008 setrgbcolor
newpath 223.08002 323.28 moveto
223.08002 323.53462 222.97885 323.7788 222.79881 323.95882 curveto
222.61879 324.13885 222.37462 324.24002 222.12 324.24002 curveto
221.86537 324.24002 221.6212 324.13885 221.44118 323.95882 curveto
221.26114 323.7788 221.15997 323.53462 221.15997 323.28 curveto
221.15997 323.02538 221.26114 322.7812 221.44118 322.60118 curveto
221.6212 322.42114 221.86537 322.31998 222.12 322.31998 curveto
222.37462 322.31998 222.61879 322.42114 222.79881 322.60118 curveto
222.97885 322.7812 223.08002 323.02538 223.08002 323.28 curveto closepath fill
 0 0 0 setrgbcolor 0 0.6 dtransform truncate idtransform setlinewidth pop
newpath 222.12 323.28 moveto 0 0 rlineto stroke
 1 0 0 setrgbcolor 0 3.98505 dtransform truncate idtransform setlinewidth pop
newpath 182.74 307.43 moveto 0 0 rlineto stroke
 0 0 0 setrgbcolor 0 0.42001 dtransform truncate idtransform setlinewidth pop
newpath 270.03003 351.33 moveto
274.82996 351.33 lineto stroke
 0.42001 0 dtransform exch truncate exch idtransform pop setlinewidth
newpath 272.43 348.93004 moveto
272.43 353.72997 lineto stroke
 0.00002 0.00018 0.00008 setrgbcolor
newpath 273.39001 351.33 moveto
273.39001 351.58463 273.28885 351.8288 273.10881 352.00882 curveto
272.92879 352.18886 272.68462 352.29002 272.43 352.29002 curveto
272.17537 352.29002 271.9312 352.18886 271.75117 352.00882 curveto
271.57114 351.8288 271.46997 351.58463 271.46997 351.33 curveto
271.46997 351.07538 271.57114 350.8312 271.75117 350.65118 curveto
271.9312 350.47115 272.17537 350.36998 272.43 350.36998 curveto
272.68462 350.36998 272.92879 350.47115 273.10881 350.65118 curveto
273.28885 350.8312 273.39001 351.07538 273.39001 351.33 curveto closepath fill
 0 0 0 setrgbcolor 0 0.6 dtransform truncate idtransform setlinewidth pop
newpath 272.43 351.33 moveto 0 0 rlineto stroke
 1 0 0 setrgbcolor 0 3.98505 dtransform truncate idtransform setlinewidth pop
newpath 227.1 336.06 moveto 0 0 rlineto stroke
 0 0 0 setrgbcolor 0 0.42001 dtransform truncate idtransform setlinewidth pop
newpath 313.13004 375.23 moveto
317.92996 375.23 lineto stroke
 0.42001 0 dtransform exch truncate exch idtransform pop setlinewidth
newpath 315.53 372.83003 moveto
315.53 377.62996 lineto stroke
 0.00002 0.00018 0.00008 setrgbcolor
newpath 316.49002 375.23 moveto
316.49002 375.48462 316.38885 375.72879 316.20882 375.90881 curveto
316.0288 376.08885 315.78462 376.19002 315.53 376.19002 curveto
315.27538 376.19002 315.0312 376.08885 314.85118 375.90881 curveto
314.67114 375.72879 314.56998 375.48462 314.56998 375.23 curveto
314.56998 374.97537 314.67114 374.7312 314.85118 374.55118 curveto
315.0312 374.37114 315.27538 374.26997 315.53 374.26997 curveto
315.78462 374.26997 316.0288 374.37114 316.20882 374.55118 curveto
316.38885 374.7312 316.49002 374.97537 316.49002 375.23 curveto closepath fill
 0 0 0 setrgbcolor 0 0.6 dtransform truncate idtransform setlinewidth pop
newpath 315.53 375.23 moveto 0 0 rlineto stroke
 1 0 0 setrgbcolor 0 3.98505 dtransform truncate idtransform setlinewidth pop
newpath 265.12 360.38 moveto 0 0 rlineto stroke
 0 0 0 setrgbcolor 0 0.42001 dtransform truncate idtransform setlinewidth pop
newpath 113.04004 208.61 moveto
117.83997 208.61 lineto stroke
 0.42001 0 dtransform exch truncate exch idtransform pop setlinewidth
newpath 115.44 206.21004 moveto
115.44 211.00996 lineto stroke
 0.00002 0.00018 0.00008 setrgbcolor
newpath 116.40002 208.61 moveto
116.40002 208.86462 116.29886 209.1088 116.11882 209.28882 curveto
115.9388 209.46886 115.69463 209.57002 115.44 209.57002 curveto
115.18538 209.57002 114.94121 209.46886 114.76118 209.28882 curveto
114.58115 209.1088 114.47998 208.86462 114.47998 208.61 curveto
114.47998 208.35538 114.58115 208.1112 114.76118 207.93118 curveto
114.94121 207.75114 115.18538 207.64998 115.44 207.64998 curveto
115.69463 207.64998 115.9388 207.75114 116.11882 207.93118 curveto
116.29886 208.1112 116.40002 208.35538 116.40002 208.61 curveto closepath fill
 0 0 0 setrgbcolor 0 0.6 dtransform truncate idtransform setlinewidth pop
newpath 115.44 208.61 moveto 0 0 rlineto stroke
 1 0 0 setrgbcolor 0 3.98505 dtransform truncate idtransform setlinewidth pop
newpath 96.26 190.59 moveto 0 0 rlineto stroke
 0 0 0 setrgbcolor 0 0.42001 dtransform truncate idtransform setlinewidth pop
newpath 102.74004 199.63 moveto
107.53996 199.63 lineto stroke
 0.42001 0 dtransform exch truncate exch idtransform pop setlinewidth
newpath 105.14 197.23004 moveto
105.14 202.02997 lineto stroke
 0.00002 0.00018 0.00008 setrgbcolor
newpath 106.10002 199.63 moveto
106.10002 199.88463 105.99886 200.1288 105.81882 200.30882 curveto
105.6388 200.48886 105.39462 200.59003 105.14 200.59003 curveto
104.88538 200.59003 104.6412 200.48886 104.46118 200.30882 curveto
104.28114 200.1288 104.17998 199.88463 104.17998 199.63 curveto
104.17998 199.37538 104.28114 199.13121 104.46118 198.95119 curveto
104.6412 198.77115 104.88538 198.66998 105.14 198.66998 curveto
105.39462 198.66998 105.6388 198.77115 105.81882 198.95119 curveto
105.99886 199.13121 106.10002 199.37538 106.10002 199.63 curveto closepath fill
 0 0 0 setrgbcolor 0 0.6 dtransform truncate idtransform setlinewidth pop
newpath 105.14 199.63 moveto 0 0 rlineto stroke
 1 0 0 setrgbcolor 0 3.98505 dtransform truncate idtransform setlinewidth pop
newpath 87.72 179.95 moveto 0 0 rlineto stroke
 0 0 0 setrgbcolor 0 0.42001 dtransform truncate idtransform setlinewidth pop
newpath 102.21004 167.17 moveto
107.00996 167.17 lineto stroke
 0.42001 0 dtransform exch truncate exch idtransform pop setlinewidth
newpath 104.61 164.77003 moveto
104.61 169.56996 lineto stroke
 0.00002 0.00018 0.00008 setrgbcolor
newpath 105.57002 167.17 moveto
105.57002 167.42462 105.46886 167.6688 105.28882 167.84882 curveto
105.1088 168.02885 104.86462 168.13002 104.61 168.13002 curveto
104.35538 168.13002 104.1112 168.02885 103.93118 167.84882 curveto
103.75114 167.6688 103.64998 167.42462 103.64998 167.17 curveto
103.64998 166.91537 103.75114 166.6712 103.93118 166.49118 curveto
104.1112 166.31114 104.35538 166.20998 104.61 166.20998 curveto
104.86462 166.20998 105.1088 166.31114 105.28882 166.49118 curveto
105.46886 166.6712 105.57002 166.91537 105.57002 167.17 curveto closepath fill
 0 0 0 setrgbcolor 0 0.6 dtransform truncate idtransform setlinewidth pop
newpath 104.61 167.17 moveto 0 0 rlineto stroke
 1 0 0 setrgbcolor 0 3.98505 dtransform truncate idtransform setlinewidth pop
newpath 90.68 145.63 moveto 0 0 rlineto stroke
 0 0 0 setrgbcolor 0 0.42001 dtransform truncate idtransform setlinewidth pop
newpath 113.47003 101.61 moveto
118.26996 101.61 lineto stroke
 0.42001 0 dtransform exch truncate exch idtransform pop setlinewidth
newpath 115.87 99.21004 moveto
115.87 104.00996 lineto stroke
 0.00002 0.00018 0.00008 setrgbcolor
newpath 116.83002 101.61 moveto
116.83002 101.86462 116.72885 102.1088 116.54881 102.28882 curveto
116.36879 102.46886 116.12462 102.57002 115.87 102.57002 curveto
115.61537 102.57002 115.3712 102.46886 115.19118 102.28882 curveto
115.01114 102.1088 114.90997 101.86462 114.90997 101.61 curveto
114.90997 101.35538 115.01114 101.1112 115.19118 100.93118 curveto
115.3712 100.75114 115.61537 100.64998 115.87 100.64998 curveto
116.12462 100.64998 116.36879 100.75114 116.54881 100.93118 curveto
116.72885 101.1112 116.83002 101.35538 116.83002 101.61 curveto closepath fill
 0 0 0 setrgbcolor 0 0.6 dtransform truncate idtransform setlinewidth pop
newpath 115.87 101.61 moveto 0 0 rlineto stroke
 1 0 0 setrgbcolor 0 3.98505 dtransform truncate idtransform setlinewidth pop
newpath 107.5 81.85 moveto 0 0 rlineto stroke
 0 0 0 setrgbcolor 0 0.42001 dtransform truncate idtransform setlinewidth pop
newpath 131.54004 61.73 moveto
136.33997 61.73 lineto stroke
 0.42001 0 dtransform exch truncate exch idtransform pop setlinewidth
newpath 133.94 59.33003 moveto
133.94 64.12996 lineto stroke
 0.00002 0.00018 0.00008 setrgbcolor
newpath 134.90002 61.73 moveto
134.90002 61.98462 134.79886 62.22879 134.61882 62.40881 curveto
134.4388 62.58885 134.19463 62.69002 133.94 62.69002 curveto
133.68538 62.69002 133.44121 62.58885 133.26118 62.40881 curveto
133.08115 62.22879 132.97998 61.98462 132.97998 61.73 curveto
132.97998 61.47537 133.08115 61.2312 133.26118 61.05118 curveto
133.44121 60.87114 133.68538 60.76997 133.94 60.76997 curveto
134.19463 60.76997 134.4388 60.87114 134.61882 61.05118 curveto
134.79886 61.2312 134.90002 61.47537 134.90002 61.73 curveto closepath fill
 0 0 0 setrgbcolor 0 0.6 dtransform truncate idtransform setlinewidth pop
newpath 133.94 61.73 moveto 0 0 rlineto stroke
 1 0 0 setrgbcolor 0 3.98505 dtransform truncate idtransform setlinewidth pop
newpath 129 41.89 moveto 0 0 rlineto stroke
 0 0 0 setrgbcolor 0 0.42001 dtransform truncate idtransform setlinewidth pop
newpath 135.77003 14.42 moveto
140.56996 14.42 lineto stroke
 0.42001 0 dtransform exch truncate exch idtransform pop setlinewidth
newpath 138.17 12.02003 moveto
138.17 16.81996 lineto stroke
 0.00002 0.00018 0.00008 setrgbcolor
newpath 139.13002 14.42 moveto
139.13002 14.67462 139.02885 14.9188 138.84882 15.09882 curveto
138.6688 15.27885 138.42462 15.38002 138.17 15.38002 curveto
137.91537 15.38002 137.6712 15.27885 137.49118 15.09882 curveto
137.31114 14.9188 137.20998 14.67462 137.20998 14.42 curveto
137.20998 14.16537 137.31114 13.9212 137.49118 13.74118 curveto
137.6712 13.56114 137.91537 13.45998 138.17 13.45998 curveto
138.42462 13.45998 138.6688 13.56114 138.84882 13.74118 curveto
139.02885 13.9212 139.13002 14.16537 139.13002 14.42 curveto closepath fill
 0 0 0 setrgbcolor 0 0.6 dtransform truncate idtransform setlinewidth pop
newpath 138.17 14.42 moveto 0 0 rlineto stroke
 1 0 0 setrgbcolor 0 3.98505 dtransform truncate idtransform setlinewidth pop
newpath 137.77 -5.87 moveto 0 0 rlineto stroke
 0 0 0 setrgbcolor 0 0.42001 dtransform truncate idtransform setlinewidth pop
newpath 129.35004 -31.4 moveto
134.14996 -31.4 lineto stroke
 0.42001 0 dtransform exch truncate exch idtransform pop setlinewidth
newpath 131.75 -33.79996 moveto
131.75 -29.00003 lineto stroke
 0.00002 0.00018 0.00008 setrgbcolor
newpath 132.71002 -31.4 moveto
132.71002 -31.14537 132.60886 -30.9012 132.42882 -30.72118 curveto
132.2488 -30.54114 132.00462 -30.43997 131.75 -30.43997 curveto
131.49538 -30.43997 131.2512 -30.54114 131.07118 -30.72118 curveto
130.89114 -30.9012 130.78998 -31.14537 130.78998 -31.4 curveto
130.78998 -31.65462 130.89114 -31.89879 131.07118 -32.07881 curveto
131.2512 -32.25885 131.49538 -32.36002 131.75 -32.36002 curveto
132.00462 -32.36002 132.2488 -32.25885 132.42882 -32.07881 curveto
132.60886 -31.89879 132.71002 -31.65462 132.71002 -31.4 curveto closepath fill
 0 0 0 setrgbcolor 0 0.6 dtransform truncate idtransform setlinewidth pop
newpath 131.75 -31.4 moveto 0 0 rlineto stroke
 1 0 0 setrgbcolor 0 3.98505 dtransform truncate idtransform setlinewidth pop
newpath 136.06 -52.44 moveto 0 0 rlineto stroke
 0 0 0 setrgbcolor 0 0.42001 dtransform truncate idtransform setlinewidth pop
newpath 138.29004 -59.7 moveto
143.08997 -59.7 lineto stroke
 0.42001 0 dtransform exch truncate exch idtransform pop setlinewidth
newpath 140.69 -62.09996 moveto
140.69 -57.30003 lineto stroke
 0.00002 0.00018 0.00008 setrgbcolor
newpath 141.65002 -59.7 moveto
141.65002 -59.44537 141.54886 -59.2012 141.36882 -59.02118 curveto
141.1888 -58.84114 140.94463 -58.73997 140.69 -58.73997 curveto
140.43538 -58.73997 140.19121 -58.84114 140.01118 -59.02118 curveto
139.83115 -59.2012 139.72998 -59.44537 139.72998 -59.7 curveto
139.72998 -59.95462 139.83115 -60.19879 140.01118 -60.37881 curveto
140.19121 -60.55885 140.43538 -60.66002 140.69 -60.66002 curveto
140.94463 -60.66002 141.1888 -60.55885 141.36882 -60.37881 curveto
141.54886 -60.19879 141.65002 -59.95462 141.65002 -59.7 curveto closepath fill
 0 0 0 setrgbcolor 0 0.6 dtransform truncate idtransform setlinewidth pop
newpath 140.69 -59.7 moveto 0 0 rlineto stroke
 1 0 0 setrgbcolor 0 3.98505 dtransform truncate idtransform setlinewidth pop
newpath 148.05 -81.82 moveto 0 0 rlineto stroke
 0 0 0 setrgbcolor 0 0.42001 dtransform truncate idtransform setlinewidth pop
newpath 146.99004 -95.93 moveto
151.78996 -95.93 lineto stroke
 0.42001 0 dtransform exch truncate exch idtransform pop setlinewidth
newpath 149.39 -98.32996 moveto
149.39 -93.53003 lineto stroke
 0.00002 0.00018 0.00008 setrgbcolor
newpath 150.35002 -95.93 moveto
150.35002 -95.67537 150.24886 -95.4312 150.06882 -95.25117 curveto
149.8888 -95.07114 149.64462 -94.96997 149.39 -94.96997 curveto
149.13538 -94.96997 148.8912 -95.07114 148.71118 -95.25117 curveto
148.53114 -95.4312 148.42998 -95.67537 148.42998 -95.93 curveto
148.42998 -96.18462 148.53114 -96.42879 148.71118 -96.60881 curveto
148.8912 -96.78885 149.13538 -96.89001 149.39 -96.89001 curveto
149.64462 -96.89001 149.8888 -96.78885 150.06882 -96.60881 curveto
150.24886 -96.42879 150.35002 -96.18462 150.35002 -95.93 curveto closepath fill
 0 0 0 setrgbcolor 0 0.6 dtransform truncate idtransform setlinewidth pop
newpath 149.39 -95.93 moveto 0 0 rlineto stroke
 1 0 0 setrgbcolor 0 3.98505 dtransform truncate idtransform setlinewidth pop
newpath 160.37 -119.26 moveto 0 0 rlineto stroke
 0 0 0 setrgbcolor 0 0.42001 dtransform truncate idtransform setlinewidth pop
newpath 149.20004 -111.8 moveto
153.99997 -111.8 lineto stroke
 0.42001 0 dtransform exch truncate exch idtransform pop setlinewidth
newpath 151.6 -114.19997 moveto
151.6 -109.40004 lineto stroke
 0.00002 0.00018 0.00008 setrgbcolor
newpath 152.56003 -111.8 moveto
152.56003 -111.54538 152.45886 -111.30121 152.27882 -111.12119 curveto
152.0988 -110.94115 151.85463 -110.83998 151.6 -110.83998 curveto
151.34538 -110.83998 151.10121 -110.94115 150.92119 -111.12119 curveto
150.74115 -111.30121 150.63998 -111.54538 150.63998 -111.8 curveto
150.63998 -112.05463 150.74115 -112.2988 150.92119 -112.47882 curveto
151.10121 -112.65886 151.34538 -112.76003 151.6 -112.76003 curveto
151.85463 -112.76003 152.0988 -112.65886 152.27882 -112.47882 curveto
152.45886 -112.2988 152.56003 -112.05463 152.56003 -111.8 curveto closepath
 fill
 0 0 0 setrgbcolor 0 0.6 dtransform truncate idtransform setlinewidth pop
newpath 151.6 -111.8 moveto 0 0 rlineto stroke
 1 0 0 setrgbcolor 0 3.98505 dtransform truncate idtransform setlinewidth pop
newpath 165.02 -138.44 moveto 0 0 rlineto stroke
 0 0 0 setrgbcolor 0 0.42001 dtransform truncate idtransform setlinewidth pop
newpath 129.80003 -168.03 moveto
134.59996 -168.03 lineto stroke
 0.42001 0 dtransform exch truncate exch idtransform pop setlinewidth
newpath 132.2 -170.42996 moveto
132.2 -165.63004 lineto stroke
 0.00002 0.00018 0.00008 setrgbcolor
newpath 133.16002 -168.03 moveto
133.16002 -167.77538 133.05885 -167.5312 132.87881 -167.35118 curveto
132.69879 -167.17114 132.45462 -167.06998 132.2 -167.06998 curveto
131.94537 -167.06998 131.7012 -167.17114 131.52118 -167.35118 curveto
131.34114 -167.5312 131.23997 -167.77538 131.23997 -168.03 curveto
131.23997 -168.28462 131.34114 -168.5288 131.52118 -168.70882 curveto
131.7012 -168.88885 131.94537 -168.99002 132.2 -168.99002 curveto
132.45462 -168.99002 132.69879 -168.88885 132.87881 -168.70882 curveto
133.05885 -168.5288 133.16002 -168.28462 133.16002 -168.03 curveto closepath
 fill
 0 0 0 setrgbcolor 0 0.6 dtransform truncate idtransform setlinewidth pop
newpath 132.2 -168.03 moveto 0 0 rlineto stroke
 1 0 0 setrgbcolor 0 3.98505 dtransform truncate idtransform setlinewidth pop
newpath 152.51 -195.11 moveto 0 0 rlineto stroke
 0 0 0 setrgbcolor 0 0.42001 dtransform truncate idtransform setlinewidth pop
newpath 121.17004 -198.69 moveto
125.96997 -198.69 lineto stroke
 0.42001 0 dtransform exch truncate exch idtransform pop setlinewidth
newpath 123.57 -201.08997 moveto
123.57 -196.29004 lineto stroke
 0.00002 0.00018 0.00008 setrgbcolor
newpath 124.53003 -198.69 moveto
124.53003 -198.43538 124.42886 -198.19121 124.24883 -198.01118 curveto
124.0688 -197.83115 123.82463 -197.72998 123.57 -197.72998 curveto
123.31538 -197.72998 123.07121 -197.83115 122.89119 -198.01118 curveto
122.71115 -198.19121 122.60999 -198.43538 122.60999 -198.69 curveto
122.60999 -198.94463 122.71115 -199.1888 122.89119 -199.36882 curveto
123.07121 -199.54886 123.31538 -199.65002 123.57 -199.65002 curveto
123.82463 -199.65002 124.0688 -199.54886 124.24883 -199.36882 curveto
124.42886 -199.1888 124.53003 -198.94463 124.53003 -198.69 curveto closepath
 fill
 0 0 0 setrgbcolor 0 0.6 dtransform truncate idtransform setlinewidth pop
newpath 123.57 -198.69 moveto 0 0 rlineto stroke
 1 0 0 setrgbcolor 0 3.98505 dtransform truncate idtransform setlinewidth pop
newpath 147.16 -227.75 moveto 0 0 rlineto stroke
 0 0 0 setrgbcolor 0 0.42001 dtransform truncate idtransform setlinewidth pop
newpath 120.15004 -245.47 moveto
124.94997 -245.47 lineto stroke
 0.42001 0 dtransform exch truncate exch idtransform pop setlinewidth
newpath 122.55 -247.86996 moveto
122.55 -243.07004 lineto stroke
 0.00002 0.00018 0.00008 setrgbcolor
newpath 123.51003 -245.47 moveto
123.51003 -245.21538 123.40886 -244.9712 123.22882 -244.79118 curveto
123.0488 -244.61115 122.80463 -244.50998 122.55 -244.50998 curveto
122.29538 -244.50998 122.05121 -244.61115 121.87119 -244.79118 curveto
121.69115 -244.9712 121.58998 -245.21538 121.58998 -245.47 curveto
121.58998 -245.72462 121.69115 -245.9688 121.87119 -246.14882 curveto
122.05121 -246.32886 122.29538 -246.43002 122.55 -246.43002 curveto
122.80463 -246.43002 123.0488 -246.32886 123.22882 -246.14882 curveto
123.40886 -245.9688 123.51003 -245.72462 123.51003 -245.47 curveto closepath
 fill
 0 0 0 setrgbcolor 0 0.6 dtransform truncate idtransform setlinewidth pop
newpath 122.55 -245.47 moveto 0 0 rlineto stroke
 1 0 0 setrgbcolor 0 3.98505 dtransform truncate idtransform setlinewidth pop
newpath 150.76 -275.04 moveto 0 0 rlineto stroke
 0 0 0 setrgbcolor 0 0.42001 dtransform truncate idtransform setlinewidth pop
newpath 118.63004 -333.63 moveto
123.42996 -333.63 lineto stroke
 0.42001 0 dtransform exch truncate exch idtransform pop setlinewidth
newpath 121.03 -336.02997 moveto
121.03 -331.23004 lineto stroke
 0.00002 0.00018 0.00008 setrgbcolor
newpath 121.99002 -333.63 moveto
121.99002 -333.37538 121.88885 -333.13121 121.70882 -332.95119 curveto
121.5288 -332.77115 121.28462 -332.66998 121.03 -332.66998 curveto
120.77538 -332.66998 120.5312 -332.77115 120.35118 -332.95119 curveto
120.17114 -333.13121 120.06998 -333.37538 120.06998 -333.63 curveto
120.06998 -333.88463 120.17114 -334.1288 120.35118 -334.30882 curveto
120.5312 -334.48886 120.77538 -334.59003 121.03 -334.59003 curveto
121.28462 -334.59003 121.5288 -334.48886 121.70882 -334.30882 curveto
121.88885 -334.1288 121.99002 -333.88463 121.99002 -333.63 curveto closepath
 fill
 0 0 0 setrgbcolor 0 0.6 dtransform truncate idtransform setlinewidth pop
newpath 121.03 -333.63 moveto 0 0 rlineto stroke
 1 0 0 setrgbcolor 0 3.98505 dtransform truncate idtransform setlinewidth pop
newpath 158.05 -360.31 moveto 0 0 rlineto stroke
 0 0 0 setrgbcolor 0 0.42001 dtransform truncate idtransform setlinewidth pop
newpath 98.98004 -395.68 moveto
103.77997 -395.68 lineto stroke
 0.42001 0 dtransform exch truncate exch idtransform pop setlinewidth
newpath 101.38 -398.07996 moveto
101.38 -393.28003 lineto stroke
 0.00002 0.00018 0.00008 setrgbcolor
newpath 102.34003 -395.68 moveto
102.34003 -395.42537 102.23886 -395.1812 102.05882 -395.00117 curveto
101.8788 -394.82114 101.63463 -394.71997 101.38 -394.71997 curveto
101.12538 -394.71997 100.88121 -394.82114 100.70119 -395.00117 curveto
100.52115 -395.1812 100.41998 -395.42537 100.41998 -395.68 curveto
100.41998 -395.93462 100.52115 -396.17879 100.70119 -396.35881 curveto
100.88121 -396.53885 101.12538 -396.64001 101.38 -396.64001 curveto
101.63463 -396.64001 101.8788 -396.53885 102.05882 -396.35881 curveto
102.23886 -396.17879 102.34003 -395.93462 102.34003 -395.68 curveto closepath
 fill
 0 0 0 setrgbcolor 0 0.6 dtransform truncate idtransform setlinewidth pop
newpath 101.38 -395.68 moveto 0 0 rlineto stroke
 1 0 0 setrgbcolor 0 3.98505 dtransform truncate idtransform setlinewidth pop
newpath 145.93 -422.46 moveto 0 0 rlineto stroke
 0 0 0 setrgbcolor 0 0.42001 dtransform truncate idtransform setlinewidth pop
newpath 134.06004 -408.24 moveto
138.85997 -408.24 lineto stroke
 0.42001 0 dtransform exch truncate exch idtransform pop setlinewidth
newpath 136.46 -410.63997 moveto
136.46 -405.84004 lineto stroke
 0.00002 0.00018 0.00008 setrgbcolor
newpath 137.42003 -408.24 moveto
137.42003 -407.98538 137.31886 -407.74121 137.13882 -407.56119 curveto
136.9588 -407.38115 136.71463 -407.27998 136.46 -407.27998 curveto
136.20538 -407.27998 135.96121 -407.38115 135.78119 -407.56119 curveto
135.60115 -407.74121 135.49998 -407.98538 135.49998 -408.24 curveto
135.49998 -408.49463 135.60115 -408.7388 135.78119 -408.91882 curveto
135.96121 -409.09886 136.20538 -409.20003 136.46 -409.20003 curveto
136.71463 -409.20003 136.9588 -409.09886 137.13882 -408.91882 curveto
137.31886 -408.7388 137.42003 -408.49463 137.42003 -408.24 curveto closepath
 fill
 0 0 0 setrgbcolor 0 0.6 dtransform truncate idtransform setlinewidth pop
newpath 136.46 -408.24 moveto 0 0 rlineto stroke
 1 0 0 setrgbcolor 0 3.98505 dtransform truncate idtransform setlinewidth pop
newpath 182.38 -434.64 moveto 0 0 rlineto stroke
 0 0 0 setrgbcolor 0 0.42001 dtransform truncate idtransform setlinewidth pop
newpath 136.14003 -452.88 moveto
140.93996 -452.88 lineto stroke
 0.42001 0 dtransform exch truncate exch idtransform pop setlinewidth
newpath 138.54 -455.27997 moveto
138.54 -450.48004 lineto stroke
 0.00002 0.00018 0.00008 setrgbcolor
newpath 139.50002 -452.88 moveto
139.50002 -452.62538 139.39885 -452.38121 139.21881 -452.20119 curveto
139.03879 -452.02115 138.79462 -451.91998 138.54 -451.91998 curveto
138.28537 -451.91998 138.0412 -452.02115 137.86118 -452.20119 curveto
137.68114 -452.38121 137.57997 -452.62538 137.57997 -452.88 curveto
137.57997 -453.13463 137.68114 -453.3788 137.86118 -453.55882 curveto
138.0412 -453.73886 138.28537 -453.84003 138.54 -453.84003 curveto
138.79462 -453.84003 139.03879 -453.73886 139.21881 -453.55882 curveto
139.39885 -453.3788 139.50002 -453.13463 139.50002 -452.88 curveto closepath
 fill
 0 0 0 setrgbcolor 0 0.6 dtransform truncate idtransform setlinewidth pop
newpath 138.54 -452.88 moveto 0 0 rlineto stroke
 1 0 0 setrgbcolor 0 3.98505 dtransform truncate idtransform setlinewidth pop
newpath 188.69 -479.94 moveto 0 0 rlineto stroke
 0 0 0 setrgbcolor 0 0.42001 dtransform truncate idtransform setlinewidth pop
newpath 126.40004 -540.81 moveto
131.19997 -540.81 lineto stroke
 0.42001 0 dtransform exch truncate exch idtransform pop setlinewidth
newpath 128.8 -543.20996 moveto
128.8 -538.41003 lineto stroke
 0.00002 0.00018 0.00008 setrgbcolor
newpath 129.76003 -540.81 moveto
129.76003 -540.55537 129.65886 -540.3112 129.47882 -540.13118 curveto
129.2988 -539.95114 129.05463 -539.84998 128.8 -539.84998 curveto
128.54538 -539.84998 128.30121 -539.95114 128.12119 -540.13118 curveto
127.94115 -540.3112 127.83998 -540.55537 127.83998 -540.81 curveto
127.83998 -541.06462 127.94115 -541.30879 128.12119 -541.48882 curveto
128.30121 -541.66885 128.54538 -541.77002 128.8 -541.77002 curveto
129.05463 -541.77002 129.2988 -541.66885 129.47882 -541.48882 curveto
129.65886 -541.30879 129.76003 -541.06462 129.76003 -540.81 curveto closepath
 fill
 0 0 0 setrgbcolor 0 0.6 dtransform truncate idtransform setlinewidth pop
newpath 128.8 -540.81 moveto 0 0 rlineto stroke
 1 0 0 setrgbcolor 0 3.98505 dtransform truncate idtransform setlinewidth pop
newpath 188.03 -569.63 moveto 0 0 rlineto stroke
 0 0 0 setrgbcolor 0 0.42001 dtransform truncate idtransform setlinewidth pop
newpath 132.98004 -497.26 moveto
137.77997 -497.26 lineto stroke
 0.42001 0 dtransform exch truncate exch idtransform pop setlinewidth
newpath 135.38 -499.65996 moveto
135.38 -494.86003 lineto stroke
 0.00002 0.00018 0.00008 setrgbcolor
newpath 136.34003 -497.26 moveto
136.34003 -497.00537 136.23886 -496.7612 136.05882 -496.58118 curveto
135.8788 -496.40114 135.63463 -496.29997 135.38 -496.29997 curveto
135.12538 -496.29997 134.88121 -496.40114 134.70119 -496.58118 curveto
134.52115 -496.7612 134.41998 -497.00537 134.41998 -497.26 curveto
134.41998 -497.51462 134.52115 -497.75879 134.70119 -497.93881 curveto
134.88121 -498.11885 135.12538 -498.22002 135.38 -498.22002 curveto
135.63463 -498.22002 135.8788 -498.11885 136.05882 -497.93881 curveto
136.23886 -497.75879 136.34003 -497.51462 136.34003 -497.26 curveto closepath
 fill
 0 0 0 setrgbcolor 0 0.6 dtransform truncate idtransform setlinewidth pop
newpath 135.38 -497.26 moveto 0 0 rlineto stroke
 1 0 0 setrgbcolor 0 3.98505 dtransform truncate idtransform setlinewidth pop
newpath 190.09 -525.11 moveto 0 0 rlineto stroke
 0 0 0 setrgbcolor
newpath -343.49 -109.48 moveto 0 0 rlineto stroke
newpath -343.49 -109.48 moveto 0 0 rlineto stroke
 0 0.84 dtransform truncate idtransform setlinewidth pop
newpath -343.49 -109.48 moveto
-343.49 -109.48 lineto stroke
 1 0.85 0 setrgbcolor 0 3.98505
 dtransform truncate idtransform setlinewidth pop
newpath -349.27 -68.76 moveto 0 0 rlineto stroke
newpath -284.64 -228.94 moveto 0 0 rlineto stroke
 0 0.84 dtransform truncate idtransform setlinewidth pop
newpath -343.49 -109.48 moveto
-349.27 -68.76 lineto
-284.64 -228.94 lineto
-343.49 -109.48 lineto stroke
showpage
%%EOF
