%!PS
%%BoundingBox: -666 -222 -17 114 
%%HiResBoundingBox: -665.2 -221.5269 -17.94 113.25119 
%%Creator: MetaPost 1.209
%%CreationDate: 2017.03.03:1418
%%Pages: 1
%%BeginProlog
%%EndProlog
%%Page: 1 1
 0.00002 0.00018 0.00008 setrgbcolor
newpath -620.47 -215.96 moveto
-652.46 -34.06 lineto
-652.45973 -34.05986 lineto
-646.27963 -31.43994 -634.6699 -29.28996 -629.16 -27.6 curveto
-623.66 -25.91 -608.05 -15.46 -606.25 -12.51 curveto
-601.06 -3.99 -595.46 -4.28 -592.94 -4.34 curveto
-590.41 -4.41 -574.09 1.02 -570.73 2.26 curveto
-567.37 3.49 -564.1 3.75 -554.01 10.59 curveto
-543.18 17.93 -524.73 21.24 -513.61 28.67 curveto
-499.97 37.78 -469.59 39.16 -461.45 38.62 curveto
-453.32 38.09 -446.65 39.4 -426.04 48.48 curveto
-404.68 57.89 -386.13 57.99 -363.96 57.74 curveto
-341.79 57.49 -330.91 63.94 -316.64 71.27 curveto
-302.38 78.6 -295.14 78.03 -284.27 76.9 curveto
-273.4 75.78 -264.52 74.75 -257.36 79.94 curveto
-250.21 85.14 -228.33 91.54 -219.73 92.66 curveto
-211.12 93.77 -187.18 94.5 -179.36 93.06 curveto
-171.54 91.61 -167.71 98.46 -167.71 98.46 curveto
-167.71 98.46 -153.24 113.18 -147.66 113.25 curveto
-142.07018 113.32 -141.39003 110.29018 -138.85023 109.87004 curveto
-138.85 109.87 lineto
-152.96 -22.92 lineto
-152.96 -22.92 lineto
-159.77 -23.77 -159.97 -27.2 -162.35 -30.38 curveto
-164.73 -33.55 -179.02 -40.33 -181.3 -41.69 curveto
-183.58 -43.06 -194.45 -49.5 -210.09 -54.36 curveto
-225.73 -59.23 -230.58 -67.38 -232.32 -68.72 curveto
-234.06 -70.07 -247.74 -78.27 -251.65 -83.32 curveto
-255.57 -88.37 -251.53 -89.98 -255.61 -91.43 curveto
-259.69 -92.88 -263.97 -93.98 -267.3 -95.94 curveto
-270.64 -97.89 -282.78 -104.4 -286.15 -105.64 curveto
-289.52 -106.88 -292.5 -100.88 -294.95 -98.65 curveto
-297.39 -96.42 -298.61 -97.38 -305.26 -98.05 curveto
-311.9 -98.71 -327.55 -96 -330.69 -94.52 curveto
-333.82 -93.04 -344.67 -88.84 -351.82 -86.45 curveto
-358.97 -84.07 -359.64 -85.18 -363.95 -85.73 curveto
-368.25 -86.28 -376.96 -85.23 -382.67 -82.59 curveto
-388.38 -79.96 -392.05 -82.47 -397.01 -84.49 curveto
-401.96 -86.5 -404.81 -95.1 -408.41 -99.04 curveto
-412.02 -102.98 -439.07 -110.11 -442.45 -110.98 curveto
-445.84 -111.85 -473.67 -117.42 -477.55 -119.22 curveto
-481.43 -121.02 -503.14 -130.47 -510.4 -133.15 curveto
-517.66 -135.82 -514.36 -141.08 -512.81 -143.53 curveto
-511.26 -145.98 -508.68 -155.23 -510.35 -158.01 curveto
-512.03 -160.79 -534.12 -174.04 -540.08 -177.55 curveto
-546.04 -181.07 -562.98 -192.82 -566.33 -194.41 curveto
-569.68 -196.01 -577.36 -201.58 -581.58 -203.75 curveto
-585.8 -205.92 -590.22 -207.74 -594.07 -210.26 curveto
-597.92 -212.77 -598.76 -218.22 -602.61 -220.73 curveto
-606.45 -223.25 -610.42 -219.28 -620.47 -215.96 curveto
 closepath fill
0 0 0 THsetpatterncolor
 0.00002 0.00015 0.00002 setrgbcolor
newpath -620.47 -215.96 moveto
-652.46 -34.06 lineto
-652.45973 -34.05986 lineto
-646.27963 -31.43994 -634.6699 -29.28996 -629.16 -27.6 curveto
-623.66 -25.91 -608.05 -15.46 -606.25 -12.51 curveto
-601.06 -3.99 -595.46 -4.28 -592.94 -4.34 curveto
-590.41 -4.41 -574.09 1.02 -570.73 2.26 curveto
-567.37 3.49 -564.1 3.75 -554.01 10.59 curveto
-543.18 17.93 -524.73 21.24 -513.61 28.67 curveto
-499.97 37.78 -469.59 39.16 -461.45 38.62 curveto
-453.32 38.09 -446.65 39.4 -426.04 48.48 curveto
-404.68 57.89 -386.13 57.99 -363.96 57.74 curveto
-341.79 57.49 -330.91 63.94 -316.64 71.27 curveto
-302.38 78.6 -295.14 78.03 -284.27 76.9 curveto
-273.4 75.78 -264.52 74.75 -257.36 79.94 curveto
-250.21 85.14 -228.33 91.54 -219.73 92.66 curveto
-211.12 93.77 -187.18 94.5 -179.36 93.06 curveto
-171.54 91.61 -167.71 98.46 -167.71 98.46 curveto
-167.71 98.46 -153.24 113.18 -147.66 113.25 curveto
-142.07018 113.32 -141.39003 110.29018 -138.85023 109.87004 curveto
-138.85 109.87 lineto
-152.96 -22.92 lineto
-152.96 -22.92 lineto
-159.77 -23.77 -159.97 -27.2 -162.35 -30.38 curveto
-164.73 -33.55 -179.02 -40.33 -181.3 -41.69 curveto
-183.58 -43.06 -194.45 -49.5 -210.09 -54.36 curveto
-225.73 -59.23 -230.58 -67.38 -232.32 -68.72 curveto
-234.06 -70.07 -247.74 -78.27 -251.65 -83.32 curveto
-255.57 -88.37 -251.53 -89.98 -255.61 -91.43 curveto
-259.69 -92.88 -263.97 -93.98 -267.3 -95.94 curveto
-270.64 -97.89 -282.78 -104.4 -286.15 -105.64 curveto
-289.52 -106.88 -292.5 -100.88 -294.95 -98.65 curveto
-297.39 -96.42 -298.61 -97.38 -305.26 -98.05 curveto
-311.9 -98.71 -327.55 -96 -330.69 -94.52 curveto
-333.82 -93.04 -344.67 -88.84 -351.82 -86.45 curveto
-358.97 -84.07 -359.64 -85.18 -363.95 -85.73 curveto
-368.25 -86.28 -376.96 -85.23 -382.67 -82.59 curveto
-388.38 -79.96 -392.05 -82.47 -397.01 -84.49 curveto
-401.96 -86.5 -404.81 -95.1 -408.41 -99.04 curveto
-412.02 -102.98 -439.07 -110.11 -442.45 -110.98 curveto
-445.84 -111.85 -473.67 -117.42 -477.55 -119.22 curveto
-481.43 -121.02 -503.14 -130.47 -510.4 -133.15 curveto
-517.66 -135.82 -514.36 -141.08 -512.81 -143.53 curveto
-511.26 -145.98 -508.68 -155.23 -510.35 -158.01 curveto
-512.03 -160.79 -534.12 -174.04 -540.08 -177.55 curveto
-546.04 -181.07 -562.98 -192.82 -566.33 -194.41 curveto
-569.68 -196.01 -577.36 -201.58 -581.58 -203.75 curveto
-585.8 -205.92 -590.22 -207.74 -594.07 -210.26 curveto
-597.92 -212.77 -598.76 -218.22 -602.61 -220.73 curveto
-606.45 -223.25 -610.42 -219.28 -620.47 -215.96 curveto
 closepath fill
 0.00002 0.00018 0.00008 setrgbcolor
newpath -458.66 -23.57 moveto
-455.57 -24.15 -449.93 -25.53 -450.58 -27 curveto
-451.24 -28.46 -451.47 -31.18 -452.28 -33.19 curveto
-453.09 -35.21 -456.39 -37.88 -457.22 -39.35 curveto
-458.06 -40.83 -463.04 -42.14 -463.95 -41.82 curveto
-464.87 -41.5 -469.51 -38.28 -469.98 -35.96 curveto
-470.44 -33.64 -473.24 -31.42 -473.29 -30.35 curveto
-473.34 -29.27 -474.87 -27.35 -469.35 -25.85 curveto
-463.84 -24.34 -463.87 -23.62 -462.23 -24.09 curveto
-460.59 -24.55 -461.74 -22.98 -458.66 -23.57 curveto closepath fill
 0 0 0 setrgbcolor 0 0.6 dtransform truncate idtransform setlinewidth pop
 [] 0 setdash 1 setlinejoin 10 setmiterlimit
newpath -458.66 -23.57 moveto
-455.57 -24.15 -449.93 -25.53 -450.58 -27 curveto
-451.24 -28.46 -451.47 -31.18 -452.28 -33.19 curveto
-453.09 -35.21 -456.39 -37.88 -457.22 -39.35 curveto
-458.06 -40.83 -463.04 -42.14 -463.95 -41.82 curveto
-464.87 -41.5 -469.51 -38.28 -469.98 -35.96 curveto
-470.44 -33.64 -473.24 -31.42 -473.29 -30.35 curveto
-473.34 -29.27 -474.87 -27.35 -469.35 -25.85 curveto
-463.84 -24.34 -463.87 -23.62 -462.23 -24.09 curveto
-460.59 -24.55 -461.74 -22.98 -458.66 -23.57 curveto closepath stroke
 0 0 1 setrgbcolor 0 0.42001 dtransform truncate idtransform setlinewidth pop
newpath -458.66 -23.57 moveto
-455.57 -24.15 -449.93 -25.53 -450.58 -27 curveto
-451.24 -28.46 -451.47 -31.18 -452.28 -33.19 curveto
-453.09 -35.21 -456.39 -37.88 -457.22 -39.35 curveto
-458.06 -40.83 -463.04 -42.14 -463.95 -41.82 curveto
-464.87 -41.5 -469.51 -38.28 -469.98 -35.96 curveto
-470.44 -33.64 -473.24 -31.42 -473.29 -30.35 curveto
-473.34 -29.27 -474.87 -27.36 -469.35 -25.85 curveto
-463.84 -24.34 -463.87 -23.62 -462.23 -24.09 curveto
-460.59 -24.55 -461.74 -22.98 -458.66 -23.57 curveto closepath stroke
 1 0 0 setrgbcolor
newpath -458.59 -23.64 moveto
-455.5 -24.22 -449.86 -25.58 -450.51 -27.06 curveto
-451.17 -28.53 -451.4 -31.24 -452.21 -33.26 curveto
-453.02 -35.28 -456.32 -37.95 -457.16 -39.43 curveto
-457.99 -40.91 -462.98 -42.21 -463.89 -41.89 curveto
-464.81 -41.57 -469.46 -38.36 -469.92 -36.04 curveto
-470.39 -33.72 -473.19 -31.5 -473.24 -30.43 curveto
-473.29 -29.35 -474.82 -27.43 -469.3 -25.92 curveto
-463.78 -24.41 -463.82 -23.69 -462.17 -24.16 curveto
-460.53 -24.63 -461.68 -23.06 -458.59 -23.64 curveto closepath stroke
 0.00002 0.00018 0.00008 setrgbcolor
newpath -467.36 13.86 moveto
-464.85 10.19 -464.92 7.84 -461.41 5.66 curveto
-457.89 3.47 -454.49 0.02 -454.39 -2.32 curveto
-454.28 -4.65 -451.71 -9.94 -452.4 -10.51 curveto
-453.1 -11.08 -458.34 -14.55 -461.15 -16.3 curveto
-463.95 -18.04 -467.55 -18.02 -470.63 -17.44 curveto
-473.72 -16.86 -477.77 -14.88 -480.82 -15.2 curveto
-483.86 -15.51 -487.98 -15.88 -490.26 -13.29 curveto
-492.53 -10.69 -492.55 -6.37 -493.2 -3.89 curveto
-493.86 -1.4 -492.42 2.45 -493.62 5.1 curveto
-494.82 7.74 -495.96 12.91 -493.67 14.1 curveto
-491.39 15.29 -484.86 18.3 -482.72 18.93 curveto
-480.59 19.57 -474 17.17 -472.54 16.87 curveto
-471.09 16.58 -469.87 17.54 -467.36 13.86 curveto closepath fill
 0 0 0 setrgbcolor 0 0.6 dtransform truncate idtransform setlinewidth pop
newpath -467.36 13.86 moveto
-464.85 10.19 -464.92 7.84 -461.41 5.66 curveto
-457.89 3.47 -454.49 0.02 -454.39 -2.32 curveto
-454.28 -4.65 -451.71 -9.94 -452.4 -10.51 curveto
-453.1 -11.08 -458.34 -14.55 -461.15 -16.3 curveto
-463.95 -18.04 -467.55 -18.02 -470.63 -17.44 curveto
-473.72 -16.86 -477.77 -14.88 -480.82 -15.2 curveto
-483.86 -15.51 -487.98 -15.88 -490.26 -13.29 curveto
-492.53 -10.69 -492.55 -6.37 -493.2 -3.89 curveto
-493.86 -1.4 -492.42 2.45 -493.62 5.1 curveto
-494.82 7.74 -495.96 12.91 -493.67 14.1 curveto
-491.39 15.29 -484.86 18.3 -482.72 18.93 curveto
-480.59 19.57 -474 17.17 -472.54 16.87 curveto
-471.09 16.58 -469.87 17.54 -467.36 13.86 curveto closepath stroke
 0 0 1 setrgbcolor 0 0.42001 dtransform truncate idtransform setlinewidth pop
newpath -467.36 13.86 moveto
-464.85 10.19 -464.92 7.84 -461.41 5.66 curveto
-457.89 3.47 -454.49 0.02 -454.39 -2.32 curveto
-454.28 -4.65 -451.71 -9.94 -452.4 -10.51 curveto
-453.1 -11.08 -458.34 -14.55 -461.15 -16.3 curveto
-463.95 -18.04 -467.55 -18.02 -470.63 -17.44 curveto
-473.72 -16.86 -477.77 -14.88 -480.82 -15.2 curveto
-483.86 -15.51 -487.98 -15.88 -490.26 -13.29 curveto
-492.53 -10.69 -492.55 -6.38 -493.2 -3.89 curveto
-493.86 -1.4 -492.42 2.45 -493.62 5.1 curveto
-494.82 7.74 -495.96 12.91 -493.67 14.1 curveto
-491.39 15.29 -484.86 18.3 -482.72 18.93 curveto
-480.59 19.57 -474 17.17 -472.54 16.87 curveto
-471.09 16.58 -469.87 17.54 -467.36 13.86 curveto closepath stroke
 1 0 0 setrgbcolor
newpath -467.31 13.8 moveto
-464.81 10.13 -464.88 7.79 -461.36 5.6 curveto
-457.84 3.42 -454.44 -0.03 -454.33 -2.37 curveto
-454.23 -4.7 -451.64 -9.99 -452.34 -10.56 curveto
-453.03 -11.14 -458.28 -14.62 -461.08 -16.36 curveto
-463.89 -18.11 -467.49 -18.1 -470.58 -17.51 curveto
-473.67 -16.93 -477.72 -14.95 -480.77 -15.27 curveto
-483.82 -15.59 -487.95 -15.96 -490.23 -13.36 curveto
-492.51 -10.76 -492.52 -6.44 -493.17 -3.94 curveto
-493.83 -1.45 -492.38 2.4 -493.58 5.05 curveto
-494.78 7.69 -495.92 12.87 -493.63 14.05 curveto
-491.34 15.24 -484.81 18.23 -482.68 18.87 curveto
-480.54 19.51 -473.95 17.1 -472.49 16.81 curveto
-471.04 16.52 -469.82 17.47 -467.31 13.8 curveto closepath stroke
 0 0 0 setrgbcolor 0 0.6 dtransform truncate idtransform setlinewidth pop
 1 setlinecap
newpath -596.78 -214.16 moveto
-592.42334 -222.99326 -608.37492 -215.47247 -602.70636 -208.12938 curveto
 stroke
newpath -602.70636 -208.12938 moveto
-607.61397 -207.46867 -608.52678 -200.85565 -604.09984 -198.95273 curveto
 stroke
newpath -604.09984 -198.95273 moveto
-608.6117 -195.58485 -605.90178 -189.37473 -601.71349 -190.1577 curveto stroke
newpath -601.71349 -190.1577 moveto
-602.9837 -186.55301 -601.55614 -182.5069 -598.1056 -181.6386 curveto stroke
newpath -598.1056 -181.6386 moveto
-600.3751 -179.29866 -599.00269 -175.70709 -597.40215 -172.64702 curveto stroke
newpath -597.40215 -172.64702 moveto
-602.64824 -172.8659 -604.99202 -167.12971 -601.7895 -164.5927 curveto stroke
newpath -601.7895 -164.5927 moveto
-606.29298 -162.8084 -606.25223 -156.68414 -602.08318 -155.25648 curveto stroke
newpath -602.08318 -155.25648 moveto
-605.39536 -152.36742 -603.61253 -146.85834 -599.12 -146.37 curveto stroke
newpath -599.12 -146.37 moveto
-599.12 -146.37 lineto stroke
 0 0 1 setrgbcolor 0 0.42001 dtransform truncate idtransform setlinewidth pop
newpath -596.78 -214.16 moveto
-596.78 -214.16 -597.62 -215.46 -599.71 -213.04 curveto
-601.9 -210.5 -601.02 -212.01 -602.02 -209.72 curveto
-603.03 -207.42 -603.83 -205.66 -604.16 -202.25 curveto
-604.5 -198.84 -603.36 -196.09 -603.62 -194.3 curveto
-603.88 -192.51 -602.17 -190.63 -600.79 -189.13 curveto
-599.42 -187.63 -598.72 -183.09 -596.97 -177.97 curveto
-595.28 -173 -598.89 -171.39 -600.45 -168.94 curveto
-602 -166.49 -602.03 -161.81 -602.35 -158.76 curveto
-602.66 -155.71 -600.92 -150.41 -599.12 -146.37 curveto stroke
 1 0 0 setrgbcolor
newpath -596.8 -214.19 moveto
-596.8 -214.19 -597.64 -215.49 -599.74 -213.06 curveto
-601.92 -210.53 -601.04 -212.04 -602.05 -209.75 curveto
-603.05 -207.45 -603.85 -205.68 -604.19 -202.28 curveto
-604.52 -198.87 -603.39 -196.11 -603.65 -194.33 curveto
-603.91 -192.54 -602.19 -190.66 -600.82 -189.15 curveto
-599.44 -187.65 -598.75 -183.11 -597 -177.99 curveto
-595.3 -173.02 -598.92 -171.41 -600.47 -168.96 curveto
-602.02 -166.51 -602.05 -161.82 -602.37 -158.78 curveto
-602.69 -155.73 -600.95 -150.42 -599.15 -146.38 curveto stroke
 0.00002 0.00018 0.00008 setrgbcolor
newpath -601.67 -121.99 moveto
-601.67 -121.99 -598.34 -123.82 -598.51 -128.15 curveto
-598.67 -132.48 -598.72 -135.36 -600.68 -135.81 curveto
-602.64 -136.26 -604.62 -140.31 -606.85 -138.79 curveto
-609.08 -137.27 -611.18 -134.66 -611.97 -133.26 curveto
-612.75 -131.85 -617.27 -123.59 -615.77 -120.82 curveto
-614.27 -118.05 -610.38 -112.47 -608.34 -113.82 curveto
-606.3 -115.17 -606.49 -118.96 -605.02 -119.62 curveto
-603.55 -120.27 -601.67 -121.99 -601.67 -121.99 curveto closepath fill
 0 0 0 setrgbcolor 0 0.6 dtransform truncate idtransform setlinewidth pop
newpath -601.67 -121.99 moveto
-601.67 -121.99 -598.34 -123.82 -598.51 -128.15 curveto
-598.67 -132.48 -598.72 -135.36 -600.68 -135.81 curveto
-602.64 -136.26 -604.62 -140.31 -606.85 -138.79 curveto
-609.08 -137.27 -611.18 -134.66 -611.97 -133.26 curveto
-612.75 -131.85 -617.27 -123.59 -615.77 -120.82 curveto
-614.27 -118.05 -610.38 -112.47 -608.34 -113.82 curveto
-606.3 -115.17 -606.49 -118.96 -605.02 -119.62 curveto
-603.55 -120.27 -601.67 -121.99 -601.67 -121.99 curveto closepath stroke
 0 0 1 setrgbcolor 0 0.42001 dtransform truncate idtransform setlinewidth pop
newpath -601.67 -121.99 moveto
-601.67 -121.99 -598.34 -123.82 -598.51 -128.15 curveto
-598.67 -132.48 -598.72 -135.36 -600.68 -135.81 curveto
-602.64 -136.26 -604.62 -140.31 -606.85 -138.79 curveto
-609.08 -137.27 -611.18 -134.66 -611.97 -133.26 curveto
-612.75 -131.85 -617.27 -123.59 -615.77 -120.82 curveto
-614.27 -118.05 -610.38 -112.47 -608.34 -113.82 curveto
-606.3 -115.17 -606.49 -118.96 -605.02 -119.62 curveto
-603.55 -120.27 -601.67 -121.99 -601.67 -121.99 curveto closepath stroke
 1 0 0 setrgbcolor
newpath -601.69 -121.99 moveto
-601.69 -121.99 -598.37 -123.82 -598.53 -128.16 curveto
-598.7 -132.49 -598.75 -135.37 -600.71 -135.82 curveto
-602.67 -136.27 -604.65 -140.32 -606.88 -138.8 curveto
-609.11 -137.28 -611.21 -134.67 -611.99 -133.27 curveto
-612.78 -131.86 -617.3 -123.6 -615.8 -120.83 curveto
-614.3 -118.06 -610.41 -112.48 -608.37 -113.83 curveto
-606.33 -115.18 -606.51 -118.97 -605.04 -119.62 curveto
-603.57 -120.28 -601.69 -121.99 -601.69 -121.99 curveto closepath stroke
 0 0 0 setrgbcolor 0 0.6 dtransform truncate idtransform setlinewidth pop
newpath -607.59 -114.51 moveto
-613.0625 -115.0832 -614.17403 -106.68155 -608.36626 -105.87552 curveto stroke
newpath -608.36626 -105.87552 moveto
-610.55252 -103.06725 -610.79488 -99.12935 -608.11607 -97.2725 curveto stroke
newpath -608.11607 -97.2725 moveto
-612.65547 -95.1295 -611.0717 -88.5123 -606.34488 -88.62926 curveto stroke
newpath -606.34488 -88.62926 moveto
-607.8699 -85.83015 -605.7983 -82.66472 -603.05922 -80.56477 curveto stroke
newpath -603.05922 -80.56477 moveto
-606.05182 -79.32373 -609.51688 -77.93819 -608.96364 -75.01476 curveto stroke
newpath -608.96364 -75.01476 moveto
-613.45828 -76.58733 -616.97705 -71.28082 -613.95688 -67.95808 curveto stroke
newpath -613.95688 -67.95808 moveto
-618.46048 -66.97871 -621.90071 -63.95955 -619.90984 -61.41734 curveto stroke
newpath -619.90984 -61.41734 moveto
-623.90152 -60.8517 -625.08525 -55.33443 -621.36136 -52.61075 curveto stroke
newpath -621.36136 -52.61075 moveto
-624.86874 -51.06245 -626.56041 -47.06194 -624.48262 -44.24345 curveto stroke
newpath -624.48262 -44.24345 moveto
-627.87503 -43.86311 -629.73761 -40.17723 -628.93997 -36.59003 curveto stroke
newpath -628.93997 -36.59003 moveto
-628.94 -36.59 lineto stroke
 0 0 1 setrgbcolor 0 0.42001 dtransform truncate idtransform setlinewidth pop
newpath -607.59 -114.51 moveto
-607.59 -114.51 -608.74 -112.94 -608.83 -110.96 curveto
-608.92 -108.99 -609.03 -106.47 -607.84 -104.97 curveto
-606.65 -103.48 -607.51 -100.46 -607.96 -98.32 curveto
-608.42 -96.17 -607.99 -93.81 -607.55 -91.45 curveto
-607.12 -89.09 -604.72 -86.46 -603.88 -84.98 curveto
-603.05 -83.5 -602.34 -79.22 -604.14 -79.23 curveto
-608.64 -79.25 -607.9 -75.8 -608.83 -75.12 curveto
-609.76 -74.44 -612.06 -71.48 -613.18 -70.63 curveto
-614.3 -69.78 -613.09 -68.47 -614.8 -66.56 curveto
-616.51 -64.66 -617.44 -63.98 -619.12 -62.62 curveto
-620.8 -61.25 -621.1 -54.78 -621.38 -52.45 curveto
-621.67 -50.12 -625.04 -43.25 -625.86 -40.95 curveto
-626.68 -38.65 -628.94 -36.59 -628.94 -36.59 curveto stroke
 1 0 0 setrgbcolor
newpath -607.62 -114.51 moveto
-607.62 -114.51 -608.77 -112.94 -608.86 -110.97 curveto
-608.95 -108.99 -609.06 -106.47 -607.87 -104.98 curveto
-606.68 -103.48 -607.53 -100.46 -607.99 -98.32 curveto
-608.45 -96.18 -608.01 -93.81 -607.58 -91.45 curveto
-607.15 -89.09 -604.74 -86.46 -603.91 -84.98 curveto
-603.08 -83.5 -602.37 -79.22 -604.17 -79.23 curveto
-608.67 -79.25 -607.93 -75.79 -608.86 -75.12 curveto
-609.79 -74.44 -612.09 -71.48 -613.21 -70.63 curveto
-614.33 -69.78 -613.12 -68.46 -614.83 -66.56 curveto
-616.54 -64.65 -617.47 -63.97 -619.15 -62.61 curveto
-620.84 -61.24 -621.13 -54.77 -621.42 -52.44 curveto
-621.7 -50.11 -625.07 -43.24 -625.9 -40.94 curveto
-626.72 -38.63 -628.98 -36.57 -628.98 -36.57 curveto stroke
 0.00002 0.00018 0.00008 setrgbcolor
newpath -417.65 38.22 moveto
-414.66 36.01 -415.33 34.72 -414.52 32.77 curveto
-413.71 30.82 -415.1 29.68 -416.86 28.88 curveto
-418.63 28.08 -422.73 27.18 -423.71 28.94 curveto
-424.69 30.7 -426.14 30.82 -425.37 33.73 curveto
-424.6 36.65 -426.71 39.44 -424.22 40.09 curveto
-421.72 40.74 -420.78 39.88 -419.86 39.38 curveto
-418.94 38.88 -420.63 40.43 -417.65 38.22 curveto closepath fill
 0 0 0 setrgbcolor 0 0.6 dtransform truncate idtransform setlinewidth pop
newpath -417.65 38.22 moveto
-414.66 36.01 -415.33 34.72 -414.52 32.77 curveto
-413.71 30.82 -415.1 29.68 -416.86 28.88 curveto
-418.63 28.08 -422.73 27.18 -423.71 28.94 curveto
-424.69 30.7 -426.14 30.82 -425.37 33.73 curveto
-424.6 36.65 -426.71 39.44 -424.22 40.09 curveto
-421.72 40.74 -420.78 39.88 -419.86 39.38 curveto
-418.94 38.88 -420.63 40.43 -417.65 38.22 curveto closepath stroke
 0 0 1 setrgbcolor 0 0.42001 dtransform truncate idtransform setlinewidth pop
newpath -417.65 38.22 moveto
-414.66 36.01 -415.33 34.71 -414.52 32.77 curveto
-413.71 30.82 -415.1 29.68 -416.86 28.88 curveto
-418.63 28.08 -422.73 27.18 -423.71 28.94 curveto
-424.69 30.7 -426.14 30.82 -425.37 33.73 curveto
-424.6 36.65 -426.71 39.44 -424.22 40.09 curveto
-421.72 40.74 -420.78 39.88 -419.86 39.38 curveto
-418.94 38.88 -420.63 40.43 -417.65 38.22 curveto closepath stroke
 1 0 0 setrgbcolor
newpath -417.61 38.21 moveto
-414.63 36 -415.29 34.71 -414.48 32.77 curveto
-413.68 30.82 -415.07 29.68 -416.83 28.88 curveto
-418.6 28.08 -422.7 27.17 -423.68 28.93 curveto
-424.66 30.68 -426.11 30.8 -425.34 33.72 curveto
-424.57 36.63 -426.68 39.42 -424.18 40.07 curveto
-421.69 40.73 -420.75 39.87 -419.83 39.37 curveto
-418.9 38.87 -420.6 40.42 -417.61 38.21 curveto closepath stroke
 0.00002 0.00018 0.00008 setrgbcolor
newpath -289.73 -31.52 moveto
-285.04 -31.67 -283.73 -32.69 -279.71 -33.94 curveto
-275.68 -35.2 -275.24 -36.98 -272.86 -37.78 curveto
-270.48 -38.57 -268.29 -39.19 -268.24 -40.27 curveto
-268.19 -41.35 -274.82 -46.16 -280.37 -46.96 curveto
-285.92 -47.75 -294.16 -48.86 -296.93 -47.54 curveto
-299.69 -46.23 -306.84 -39.89 -304.63 -36.9 curveto
-302.43 -33.91 -300.42 -34.36 -297.42 -32.96 curveto
-294.42 -31.56 -294.43 -31.38 -289.73 -31.52 curveto closepath fill
 0 0 0 setrgbcolor 0 0.6 dtransform truncate idtransform setlinewidth pop
newpath -289.73 -31.52 moveto
-285.04 -31.67 -283.73 -32.69 -279.71 -33.94 curveto
-275.68 -35.2 -275.24 -36.98 -272.86 -37.78 curveto
-270.48 -38.57 -268.29 -39.19 -268.24 -40.27 curveto
-268.19 -41.35 -274.82 -46.16 -280.37 -46.96 curveto
-285.92 -47.75 -294.16 -48.86 -296.93 -47.54 curveto
-299.69 -46.23 -306.84 -39.89 -304.63 -36.9 curveto
-302.43 -33.91 -300.42 -34.36 -297.42 -32.96 curveto
-294.42 -31.56 -294.43 -31.38 -289.73 -31.52 curveto closepath stroke
 0 0 1 setrgbcolor 0 0.42001 dtransform truncate idtransform setlinewidth pop
newpath -289.73 -31.52 moveto
-285.04 -31.67 -283.73 -32.69 -279.71 -33.94 curveto
-275.68 -35.2 -275.24 -36.98 -272.86 -37.78 curveto
-270.48 -38.57 -268.29 -39.19 -268.24 -40.27 curveto
-268.19 -41.35 -274.82 -46.16 -280.37 -46.96 curveto
-285.92 -47.75 -294.16 -48.86 -296.93 -47.54 curveto
-299.69 -46.23 -306.84 -39.89 -304.63 -36.9 curveto
-302.43 -33.91 -300.42 -34.36 -297.42 -32.96 curveto
-294.42 -31.56 -294.43 -31.38 -289.73 -31.52 curveto closepath stroke
 1 0 0 setrgbcolor
newpath -289.79 -31.49 moveto
-285.1 -31.64 -283.79 -32.66 -279.77 -33.92 curveto
-275.75 -35.18 -275.31 -36.96 -272.93 -37.76 curveto
-270.55 -38.55 -268.36 -39.17 -268.31 -40.25 curveto
-268.27 -41.33 -274.89 -46.13 -280.44 -46.93 curveto
-285.99 -47.72 -294.23 -48.81 -296.99 -47.49 curveto
-299.75 -46.18 -306.89 -39.83 -304.68 -36.85 curveto
-302.47 -33.87 -300.47 -34.32 -297.47 -32.92 curveto
-294.47 -31.53 -294.48 -31.35 -289.79 -31.49 curveto closepath stroke
 0 0 0 setrgbcolor 0 0.6 dtransform truncate idtransform setlinewidth pop
newpath -252.07 -86.04 moveto
-255.38744 -85.37697 -257.55684 -82.16862 -256.90721 -78.85442 curveto stroke
newpath -256.90721 -78.85442 moveto
-260.81693 -80.19377 -264.70479 -77.22849 -263.96162 -73.59085 curveto stroke
newpath -263.96162 -73.59085 moveto
-268.84492 -75.22043 -271.53215 -67.6243 -266.22137 -65.81111 curveto stroke
newpath -266.22137 -65.81111 moveto
-268.55025 -63.77596 -268.59267 -60.32687 -267.4931 -57.33862 curveto stroke
newpath -267.4931 -57.33862 moveto
-270.95593 -57.93666 -274.75803 -57.32523 -275.61934 -54.25577 curveto stroke
newpath -275.61934 -54.25577 moveto
-278.41354 -57.11655 -284.2135 -53.03265 -281.23 -47.72 curveto stroke
newpath -281.23 -47.72 moveto
-281.23 -47.72 lineto stroke
 0 0 1 setrgbcolor 0 0.42001 dtransform truncate idtransform setlinewidth pop
newpath -252.07 -86.04 moveto
-252.07 -86.04 -252.91 -83.55 -253.68 -82.33 curveto
-254.46 -81.1 -256.74 -78.5 -262.13 -74.96 curveto
-267.52 -71.43 -267.13 -68.16 -266.48 -66.69 curveto
-265.82 -65.22 -265.39 -59.07 -267.82 -57.02 curveto
-270.26 -54.96 -274.96 -54.64 -276.44 -53.99 curveto
-277.91 -53.33 -281.23 -47.72 -281.23 -47.72 curveto stroke
 1 0 0 setrgbcolor
newpath -252.19 -86 moveto
-252.19 -86 -253.03 -83.52 -253.8 -82.29 curveto
-254.58 -81.07 -256.86 -78.47 -262.24 -74.93 curveto
-267.63 -71.39 -267.23 -68.13 -266.58 -66.66 curveto
-265.93 -65.19 -265.48 -59.04 -267.92 -56.99 curveto
-270.35 -54.94 -275.05 -54.61 -276.52 -53.95 curveto
-277.99 -53.3 -281.31 -47.69 -281.31 -47.69 curveto stroke
 0 0 0 setrgbcolor 0 0.6 dtransform truncate idtransform setlinewidth pop
newpath -300.9 -98.75 moveto
-304.81435 -98.3659 -307.05511 -94.07161 -305.33247 -90.3859 curveto stroke
newpath -305.33247 -90.3859 moveto
-311.32562 -90.90488 -312.06816 -81.99362 -306.18314 -81.48572 curveto stroke
newpath -306.18314 -81.48572 moveto
-308.38815 -78.32877 -306.96652 -73.93814 -303.33498 -72.48271 curveto stroke
newpath -303.33498 -72.48271 moveto
-306.71942 -69.82323 -307.20778 -65.0128 -304.02916 -63.07825 curveto stroke
newpath -304.02916 -63.07825 moveto
-308.39508 -60.69055 -307.9123 -54.70625 -303.83112 -53.62224 curveto stroke
newpath -303.83112 -53.62224 moveto
-306.31732 -51.12518 -302.84636 -46.10191 -296.93 -47.54 curveto stroke
newpath -296.93 -47.54 moveto
-296.93 -47.54 lineto stroke
 0 0 1 setrgbcolor 0 0.42001 dtransform truncate idtransform setlinewidth pop
newpath -300.9 -98.75 moveto
-300.9 -98.75 -304.1 -91.68 -305.81 -89.78 curveto
-307.52 -87.87 -307.34 -83.9 -306.19 -81.5 curveto
-305.04 -79.11 -302.44 -72.68 -303.37 -68.21 curveto
-304.3 -63.75 -303.94 -63.55 -304.09 -56.53 curveto
-304.23 -49.5 -300.36 -51.31 -296.93 -47.54 curveto stroke
 1 0 0 setrgbcolor
newpath -300.98 -98.66 moveto
-300.98 -98.66 -304.19 -91.6 -305.89 -89.69 curveto
-307.6 -87.79 -307.42 -83.82 -306.27 -81.42 curveto
-305.11 -79.03 -302.52 -72.61 -303.45 -68.14 curveto
-304.37 -63.68 -304.02 -63.49 -304.15 -56.47 curveto
-304.29 -49.45 -300.43 -51.25 -296.99 -47.49 curveto stroke
 0 0 0 setrgbcolor 0 0.6 dtransform truncate idtransform setlinewidth pop
newpath -295.61 -33.24 moveto
-303.00027 -32.48163 -298.5978 -22.44574 -293.87296 -26.08937 curveto stroke
newpath -293.87296 -26.08937 moveto
-293.17958 -20.91856 -287.188 -19.87996 -285.58095 -23.40227 curveto stroke
newpath -285.58095 -23.40227 moveto
-283.73001 -20.805 -280.0228 -20.75671 -277.05185 -22.34792 curveto stroke
newpath -277.05185 -22.34792 moveto
-277.17393 -18.51979 -274.14702 -15.37741 -270.79234 -16.24855 curveto stroke
newpath -270.79234 -16.24855 moveto
-271.97258 -11.97627 -266.30174 -8.95277 -263.17746 -12.61342 curveto stroke
newpath -263.17746 -12.61342 moveto
-261.9403 -9.12373 -256.79312 -8.94644 -254.49025 -12.68748 curveto stroke
newpath -254.49025 -12.68748 moveto
-252.5377 -9.07402 -247.56726 -8.85318 -245.76027 -12.18956 curveto stroke
newpath -245.76027 -12.18956 moveto
-243.86891 -9.11038 -239.02623 -9.80814 -237.14005 -13.60449 curveto stroke
newpath -237.14005 -13.60449 moveto
-235.19911 -10.68095 -231.29706 -9.76643 -228.63277 -11.86884 curveto stroke
newpath -228.63277 -11.86884 moveto
-228.21085 -8.96866 -226.3489 -6.46979 -223.658 -5.3158 curveto stroke
newpath -223.658 -5.3158 moveto
-226.2434 -3.3825 -227.16547 0.08585 -225.76842 2.98007 curveto stroke
newpath -225.76842 2.98007 moveto
-229.40057 2.7112 -232.46484 5.64226 -231.95752 9.10992 curveto stroke
newpath -231.95752 9.10992 moveto
-235.83734 7.56786 -239.70856 11.21777 -238.35922 15.04305 curveto stroke
newpath -238.35922 15.04305 moveto
-243.3518 14.11139 -245.80287 20.27786 -242.11455 22.71129 curveto stroke
newpath -242.11455 22.71129 moveto
-244.44353 23.87674 -246.53198 25.55023 -247.71928 27.86832 curveto stroke
newpath -247.71928 27.86832 moveto
-249.37674 25.30417 -252.9087 25.12015 -255.86781 26.40285 curveto stroke
newpath -255.86781 26.40285 moveto
-255.39645 22.3067 -259.84485 19.51031 -263.22849 21.71806 curveto stroke
newpath -263.22849 21.71806 moveto
-263.5803 15.27081 -270.9926 15.48409 -271.34923 19.39134 curveto stroke
newpath -271.34923 19.39134 moveto
-274.70732 17.02118 -279.3434 20.17383 -278.43773 24.49487 curveto stroke
newpath -278.43773 24.49487 moveto
-281.62946 23.44777 -284.47154 26.98972 -284.02107 31.13799 curveto stroke
newpath -284.02107 31.13799 moveto
-289.9213 28.53542 -293.2742 34.27611 -290.59738 36.32643 curveto stroke
newpath -290.59738 36.32643 moveto
-293.60634 37.57584 -296.1124 40.11792 -295.34 43.04 curveto stroke
newpath -295.34 43.04 moveto
-295.34 43.04 lineto stroke
 0 0 1 setrgbcolor 0 0.42001 dtransform truncate idtransform setlinewidth pop
newpath -295.61 -33.24 moveto
-295.61 -33.24 -298.01 -27.94 -295.36 -26.73 curveto
-292.72 -25.53 -286.69 -23.27 -285.6 -23.4 curveto
-284.51 -23.53 -278.9 -24.17 -276.48 -21.9 curveto
-274.06 -19.62 -268.55 -13.96 -268.55 -13.96 curveto
-268.55 -13.96 -261.27 -11.64 -258.53 -12.42 curveto
-255.79 -13.19 -248.27 -12.13 -245.74 -12.19 curveto
-243.21 -12.26 -237.52 -14.52 -233.25 -13.24 curveto
-228.99 -11.97 -223.42 -11.53 -223.6 -3.61 curveto
-223.74 2.22 -227.83 5.93 -232.69 9.68 curveto
-237.54 13.42 -241 17.95 -241.83 20.44 curveto
-242.67 22.92 -240.56 28.07 -248.66 27.87 curveto
-249.31 27.86 -251.47 30.09 -256.51 25.89 curveto
-259.69 23.24 -265.11 20.81 -265.11 20.81 curveto
-265.11 20.81 -269.65 17.72 -271.91 19.78 curveto
-274.17 21.84 -278.4 23.63 -279.77 26.09 curveto
-281.15 28.55 -282.89 31.17 -287.67 33.12 curveto
-292.45 35.06 -289.53 38.26 -291.39 39.62 curveto
-293.26 40.97 -295.34 43.04 -295.34 43.04 curveto stroke
 1 0 0 setrgbcolor
newpath -295.66 -33.2 moveto
-295.66 -33.2 -298.06 -27.91 -295.41 -26.7 curveto
-292.76 -25.5 -286.74 -23.25 -285.65 -23.38 curveto
-284.57 -23.51 -278.95 -24.16 -276.53 -21.89 curveto
-274.11 -19.62 -268.6 -13.96 -268.6 -13.96 curveto
-268.6 -13.96 -261.32 -11.65 -258.58 -12.43 curveto
-255.85 -13.2 -248.33 -12.14 -245.8 -12.21 curveto
-243.28 -12.27 -237.59 -14.54 -233.32 -13.27 curveto
-229.06 -11.99 -223.49 -11.56 -223.67 -3.64 curveto
-223.8 2.19 -227.89 5.9 -232.74 9.64 curveto
-237.59 13.38 -241.04 17.91 -241.87 20.4 curveto
-242.71 22.88 -240.6 28.02 -248.7 27.84 curveto
-249.34 27.82 -251.5 30.05 -256.53 25.86 curveto
-259.72 23.21 -265.13 20.79 -265.13 20.79 curveto
-265.13 20.79 -269.68 17.7 -271.93 19.76 curveto
-274.19 21.82 -278.41 23.61 -279.78 26.07 curveto
-281.16 28.53 -282.9 31.15 -287.67 33.1 curveto
-292.44 35.04 -289.52 38.24 -291.38 39.6 curveto
-293.25 40.95 -295.32 43.02 -295.32 43.02 curveto stroke
 0 0 0 setrgbcolor 0 0.6 dtransform truncate idtransform setlinewidth pop
newpath -281.15 -34.01 moveto
-284.4859 -29.73036 -279.99315 -24.73729 -276.37717 -26.87979 curveto stroke
newpath -276.37717 -26.87979 moveto
-276.3338 -23.03912 -272.47884 -20.46533 -269.15315 -22.06635 curveto stroke
newpath -269.15315 -22.06635 moveto
-269.47038 -17.84048 -263.53244 -15.92188 -261.01265 -20.02469 curveto stroke
newpath -261.01265 -20.02469 moveto
-259.11736 -16.52574 -254.26079 -16.27951 -252.32439 -19.53595 curveto stroke
newpath -252.32439 -19.53595 moveto
-250.51059 -16.29884 -245.92076 -16.07024 -243.66063 -19.09656 curveto stroke
newpath -243.66063 -19.09656 moveto
-242.29851 -15.9256 -237.6208 -15.96703 -235.10898 -19.26062 curveto stroke
newpath -235.10898 -19.26062 moveto
-233.70616 -15.90211 -230.34921 -13.68748 -227.4306 -15.19775 curveto stroke
newpath -227.4306 -15.19775 moveto
-227.59706 -11.58696 -224.22887 -8.8398 -220.70755 -9.70422 curveto stroke
newpath -220.70755 -9.70422 moveto
-221.5864 -6.68083 -219.55939 -3.7065 -216.64 -2.21 curveto stroke
newpath -216.64 -2.21 moveto
-216.64 -2.21 lineto stroke
 0 0 1 setrgbcolor 0 0.42001 dtransform truncate idtransform setlinewidth pop
newpath -281.15 -34.01 moveto
-281.15 -34.01 -278.56 -27.58 -276.07 -26.75 curveto
-273.59 -25.91 -266.86 -19.29 -263.95 -19.88 curveto
-261.04 -20.46 -252.99 -19.19 -250.8 -19.63 curveto
-248.62 -20.07 -238.08 -17.97 -236.42 -18.79 curveto
-234.76 -19.62 -235.66 -19.66 -229.68 -16.5 curveto
-223.69 -13.35 -219.41 -8.64 -218.07 -6.42 curveto
-216.73 -4.2 -216.64 -2.21 -216.64 -2.21 curveto stroke
 1 0 0 setrgbcolor
newpath -281.21 -33.99 moveto
-281.21 -33.99 -278.62 -27.57 -276.13 -26.73 curveto
-273.65 -25.9 -266.92 -19.29 -264.01 -19.88 curveto
-261.1 -20.47 -253.05 -19.2 -250.87 -19.64 curveto
-248.69 -20.09 -238.15 -17.99 -236.5 -18.81 curveto
-234.84 -19.64 -235.74 -19.68 -229.75 -16.53 curveto
-223.77 -13.37 -219.48 -8.68 -218.14 -6.45 curveto
-216.8 -4.23 -216.71 -2.25 -216.71 -2.25 curveto stroke
 0 0 0 setrgbcolor 0 0.6 dtransform truncate idtransform setlinewidth pop
newpath -362.64 -86.75 moveto
-365.60976 -84.44693 -365.08551 -79.81506 -361.67479 -78.22552 curveto stroke
newpath -361.67479 -78.22552 moveto
-365.1712 -75.77623 -364.4771 -70.65477 -360.82127 -69.71213 curveto stroke
newpath -360.82127 -69.71213 moveto
-363.53702 -66.94455 -361.82986 -62.20834 -357.84882 -61.6689 curveto stroke
newpath -357.84882 -61.6689 moveto
-360.1277 -58.72214 -358.36807 -54.38817 -354.61324 -53.72263 curveto stroke
newpath -354.61324 -53.72263 moveto
-356.75954 -51.16942 -355.91705 -47.30063 -353.05315 -45.35254 curveto stroke
newpath -353.05315 -45.35254 moveto
-356.77045 -43.55746 -357.80637 -39.03401 -355.01733 -37.04471 curveto stroke
newpath -355.01733 -37.04471 moveto
-358.32642 -35.53658 -359.21944 -31.25726 -356.74638 -28.65341 curveto stroke
newpath -356.74638 -28.65341 moveto
-360.1388 -27.83745 -361.91815 -24.10411 -360.41342 -20.95706 curveto stroke
newpath -360.41342 -20.95706 moveto
-364.26027 -21.25615 -366.95825 -17.25795 -365.2204 -13.8507 curveto stroke
newpath -365.2204 -13.8507 moveto
-370.05643 -14.10214 -372.23587 -8.69778 -369.18123 -6.2973 curveto stroke
newpath -369.18123 -6.2973 moveto
-373.10042 -4.72667 -372.5007 1.23459 -367.97531 2.11497 curveto stroke
newpath -367.97531 2.11497 moveto
-370.7689 5.32756 -368.28032 10.22197 -364.2152 9.79857 curveto stroke
newpath -364.2152 9.79857 moveto
-365.76303 13.26633 -362.76988 17.08554 -358.8937 16.52742 curveto stroke
newpath -358.8937 16.52742 moveto
-360.49994 20.54199 -357.44864 24.53221 -353.97658 23.54259 curveto stroke
newpath -353.97658 23.54259 moveto
-354.97758 27.53032 -349.9071 30.54358 -346.426 27.47426 curveto stroke
newpath -346.426 27.47426 moveto
-345.62915 31.42511 -340.60002 32.65271 -338.10541 29.52234 curveto stroke
newpath -338.10541 29.52234 moveto
-336.80305 32.83736 -332.26694 33.38516 -329.6242 30.55956 curveto stroke
newpath -329.6242 30.55956 moveto
-328.51627 34.20253 -323.93611 35.34753 -321.30205 32.64565 curveto stroke
newpath -321.30205 32.64565 moveto
-320.32407 36.11838 -315.83067 37.15453 -312.9472 34.57172 curveto stroke
newpath -312.9472 34.57172 moveto
-312.1803 38.22612 -307.96484 39.92703 -304.99161 37.77405 curveto stroke
newpath -304.99161 37.77405 moveto
-304.60117 41.54646 -300.32675 43.53224 -297.21153 41.39046 curveto stroke
newpath -297.21153 41.39046 moveto
-296.91167 45.19308 -292.62231 47.25542 -289.48 45.11 curveto stroke
newpath -289.48 45.11 moveto
-289.48 45.11 lineto stroke
 0 0 1 setrgbcolor 0 0.42001 dtransform truncate idtransform setlinewidth pop
newpath -362.64 -86.75 moveto
-362.64 -86.75 -361.42 -77.87 -361.43 -73.72 curveto
-361.44 -69.58 -359.13 -64.97 -354.92 -54.51 curveto
-350.71 -44.04 -354.79 -41.52 -354.97 -37.74 curveto
-355.14 -33.97 -357.12 -25.94 -359.06 -22.97 curveto
-360.99 -19.99 -365.99 -13.19 -368.55 -8.26 curveto
-371.12 -3.32 -366.51 6.44 -364.48 9.42 curveto
-362.45 12.4 -356.78 18.6 -354.63 22.67 curveto
-352.47 26.73 -338.2 30.09 -335.47 29.67 curveto
-332.75 29.26 -319.24 33.48 -315.12 34.03 curveto
-310.99 34.58 -297.77 41.13 -289.48 45.11 curveto stroke
 1 0 0 setrgbcolor
newpath -362.6 -86.67 moveto
-362.6 -86.67 -361.38 -77.79 -361.39 -73.65 curveto
-361.39 -69.5 -359.08 -64.9 -354.87 -54.44 curveto
-350.66 -43.98 -354.74 -41.46 -354.91 -37.68 curveto
-355.08 -33.91 -357.06 -25.89 -359 -22.92 curveto
-360.93 -19.94 -365.93 -13.14 -368.49 -8.21 curveto
-371.06 -3.28 -366.45 6.47 -364.43 9.45 curveto
-362.4 12.42 -356.73 18.62 -354.58 22.68 curveto
-352.42 26.75 -338.16 30.09 -335.43 29.68 curveto
-332.71 29.26 -319.21 33.47 -315.09 34.02 curveto
-310.97 34.57 -297.76 41.11 -289.47 45.09 curveto stroke
 0 0 0 setrgbcolor 0 0.6 dtransform truncate idtransform setlinewidth pop
newpath -215.24 6.69 moveto
-218.46265 4.6797 -222.6665 6.73358 -222.9965 10.477 curveto stroke
newpath -222.9965 10.477 moveto
-226.11507 8.29031 -230.38669 9.49977 -231.20378 12.90067 curveto stroke
newpath -231.20378 12.90067 moveto
-235.09886 9.20316 -240.76047 15.30634 -236.50255 19.02763 curveto stroke
newpath -236.50255 19.02763 moveto
-239.63954 20.09843 -240.22786 24.24352 -238.2488 27.45088 curveto stroke
newpath -238.2488 27.45088 moveto
-241.31248 27.54048 -244.4035 28.70209 -245.60161 31.45032 curveto stroke
newpath -245.60161 31.45032 moveto
-247.80391 28.46812 -252.22246 28.40993 -254.22343 31.38797 curveto stroke
newpath -254.22343 31.38797 moveto
-256.07826 27.60216 -261.34097 27.64499 -262.84088 31.275 curveto stroke
newpath -262.84088 31.275 moveto
-265.92769 27.25938 -272.33972 31.97246 -268.99474 36.42685 curveto stroke
newpath -268.99474 36.42685 moveto
-272.3906 36.83804 -274.57347 40.22894 -273.7065 43.58894 curveto stroke
newpath -273.7065 43.58894 moveto
-276.69528 42.75829 -279.6899 44.56268 -281.2238 47.35936 curveto stroke
newpath -281.2238 47.35936 moveto
-283.02112 44.39822 -286.76251 43.21123 -289.48 45.11 curveto stroke
newpath -289.48 45.11 moveto
-289.48 45.11 lineto stroke
 0 0 1 setrgbcolor 0 0.42001 dtransform truncate idtransform setlinewidth pop
newpath -215.24 6.69 moveto
-218.01 8.18 -225.38 11.63 -226.67 12.12 curveto
-227.95 12.6 -234.95 11.92 -236.32 18.16 curveto
-237.69 24.41 -237.09 27.14 -239.51 28.83 curveto
-241.94 30.53 -242.71 31.75 -250.28 31.59 curveto
-257.84 31.42 -266.4 29.41 -268.47 35.08 curveto
-270.53 40.76 -273.36 43.51 -275.6 45.21 curveto
-277.85 46.91 -281.19 49.1 -289.48 45.11 curveto stroke
 1 0 0 setrgbcolor
newpath -215.31 6.65 moveto
-218.08 8.14 -225.44 11.59 -226.72 12.07 curveto
-228.01 12.56 -235 11.88 -236.37 18.12 curveto
-237.73 24.37 -237.13 27.1 -239.55 28.79 curveto
-241.97 30.48 -242.74 31.71 -250.3 31.55 curveto
-257.86 31.38 -266.42 29.38 -268.48 35.05 curveto
-270.54 40.72 -273.36 43.47 -275.6 45.17 curveto
-277.84 46.87 -281.18 49.07 -289.47 45.09 curveto stroke
 0.00002 0.00018 0.00008 setrgbcolor
newpath -216.05 8.63 moveto
-216.05 8.63 -213.9 12.88 -212.16 10.25 curveto
-210.42 7.63 -210.87 5.63 -211.14 3.63 curveto
-211.41 1.64 -209.41 1.37 -212.53 -1.3 curveto
-215.65 -3.97 -216.06 -2.9 -217.11 0.29 curveto
-218.16 3.49 -216.05 8.63 -216.05 8.63 curveto closepath fill
 0 0 0 setrgbcolor 0 0.6 dtransform truncate idtransform setlinewidth pop
newpath -216.05 8.63 moveto
-216.05 8.63 -213.9 12.88 -212.16 10.25 curveto
-210.42 7.63 -210.87 5.63 -211.14 3.63 curveto
-211.41 1.64 -209.41 1.37 -212.53 -1.3 curveto
-215.65 -3.97 -216.06 -2.9 -217.11 0.29 curveto
-218.16 3.49 -216.05 8.63 -216.05 8.63 curveto closepath stroke
 0 0 1 setrgbcolor 0 0.42001 dtransform truncate idtransform setlinewidth pop
newpath -216.05 8.63 moveto
-216.05 8.63 -213.9 12.88 -212.16 10.25 curveto
-210.42 7.63 -210.87 5.63 -211.14 3.63 curveto
-211.41 1.64 -209.41 1.37 -212.53 -1.3 curveto
-215.65 -3.97 -216.06 -2.9 -217.11 0.29 curveto
-218.16 3.49 -216.05 8.63 -216.05 8.63 curveto closepath stroke
 1 0 0 setrgbcolor
newpath -216.12 8.59 moveto
-216.12 8.59 -213.97 12.83 -212.23 10.21 curveto
-210.49 7.58 -210.94 5.58 -211.21 3.59 curveto
-211.48 1.59 -209.48 1.32 -212.6 -1.34 curveto
-215.73 -4 -216.14 -2.94 -217.18 0.26 curveto
-218.23 3.45 -216.12 8.59 -216.12 8.59 curveto closepath stroke
 0 0 0 setrgbcolor 0.6
 0 dtransform exch truncate exch idtransform pop setlinewidth
newpath -288.66 -38.02 moveto
-289.14766 -28.43242 lineto stroke
newpath -292.14 30.41 moveto
-291.65234 20.82242 lineto stroke
 0 0.6 dtransform truncate idtransform setlinewidth pop
newpath -288.66 -38.02 moveto
-279.246 -36.13914 lineto stroke
newpath -18.24 16.01 moveto
-27.654 14.12914 lineto stroke
newpath -292.14 30.41 moveto
-301.1875 27.20007 lineto stroke
newpath -374.05 1.35 moveto
-365.0025 4.55994 lineto stroke
 0.6 0 dtransform exch truncate exch idtransform pop setlinewidth
newpath -292.14 30.41 moveto
-291.65234 20.82242 lineto stroke
newpath -288.66 -38.02 moveto
-289.14766 -28.43242 lineto stroke
 0 0.6 dtransform truncate idtransform setlinewidth pop
newpath -374.05 1.35 moveto
-383.6458 1.63477 lineto stroke
newpath -475.12 4.35 moveto
-465.5242 4.06525 lineto stroke
newpath -374.05 1.35 moveto
-365.0025 4.55994 lineto stroke
newpath -292.14 30.41 moveto
-301.1875 27.20007 lineto stroke
newpath -475.12 4.35 moveto
-484.6963 3.67516 lineto stroke
newpath -577.42 -2.86 moveto
-567.84369 -2.18515 lineto stroke
newpath -475.12 4.35 moveto
-465.5242 4.06525 lineto stroke
newpath -374.05 1.35 moveto
-383.6458 1.63477 lineto stroke
newpath -577.42 -2.86 moveto
-579.6265 -12.20296 lineto stroke
newpath -607.35 -129.59 moveto
-605.14351 -120.24704 lineto stroke
newpath -577.42 -2.86 moveto
-567.84369 -2.18515 lineto stroke
newpath -475.12 4.35 moveto
-484.6963 3.67516 lineto stroke
newpath -607.35 -129.59 moveto
-614.46199 -136.03827 lineto stroke
newpath -664.9 -181.77 moveto
-657.78801 -175.32173 lineto stroke
newpath -607.35 -129.59 moveto
-605.14351 -120.24704 lineto stroke
newpath -577.42 -2.86 moveto
-579.6265 -12.20296 lineto stroke
showpage
%%EOF
