%!PS
%%BoundingBox: -356 -336 360 408 
%%HiResBoundingBox: -355.27 -335.05 359.13974 407.72 
%%Creator: MetaPost 1.209
%%CreationDate: 2017.03.03:1418
%%Pages: 1
%%BeginProlog
%%EndProlog
%%Page: 1 1
 0 0 0 setrgbcolor 0 0.42001 dtransform truncate idtransform setlinewidth pop
 [] 0 setdash 1 setlinecap 1 setlinejoin 10 setmiterlimit
newpath -217.7 -334.84 moveto
-217.7 -334.84 -215.73 -322.68 -213.9 -319.53 curveto
-212.06 -316.38 -204.62 -301.63 -202.9 -299.93 curveto
-201.17 -298.23 -197.36 -286.89 -191.61 -286.62 curveto
-185.86 -286.36 -180.15 -289.16 -178.63 -290.72 curveto
-177.12 -292.27 -170.82 -296.13 -167.95 -295.82 curveto
-165.08 -295.51 -161.46 -296.06 -158.12 -298.07 curveto
-154.79 -300.08 -140.81 -314.23 -135.87 -311.84 curveto
-130.94 -309.45 -127.94 -304.09 -128.99 -300.9 curveto
-130.03 -297.7 -132.66 -287.37 -131.5 -285.16 curveto
-130.34 -282.94 -127.63 -275.25 -127.09 -271.26 curveto
-126.55 -267.28 -125.44 -252.27 -124.92 -251.71 curveto
-124.41 -251.14 -118.18 -241.5 -117.89 -239.86 curveto
-117.61 -238.23 -114.99 -220.64 -110.51 -216.11 curveto
-107.29 -212.85 -106.51 -209.08 -101.79 -205.8 curveto
-99.53 -204.23 -95.13 -201.71 -92.23 -206.09 curveto
-91.66 -206.94 -77.19 -203.96 -69.96 -204.36 curveto
-62.74 -204.75 -48.34 -212.39 -42.28 -218.97 curveto
-36.21 -225.54 -36.15 -230.77 -30.33 -227.98 curveto
-24.51 -225.19 -11.29 -218.65 -4.12 -217.6 curveto
3.05 -216.56 20.51 -215.76 23.88 -218.48 curveto
27.25 -221.21 31.74 -228.93 38.93 -232.38 curveto
46.11 -235.82 55.97 -234.64 60.4 -225.07 curveto
64.83 -215.5 66.4 -214.52 74.4 -208.2 curveto
82.39 -201.88 87.32 -191.73 92.75 -188.6 curveto
98.18 -185.46 103.35 -180.54 111.09 -180.91 curveto
118.85 -181.29 128.29 -183.03 132.93 -182.1 curveto
137.57 -181.18 151.07 -176.8 155.39 -172.64 curveto
159.71 -168.49 172.57 -161.79 176.27 -159.82 curveto
179.98 -157.86 193.34 -145.9 196.19 -140.9 curveto
199.04 -135.9 206.76 -122.93 214.41 -120.59 curveto
217.24 -119.73 224.75 -110.21 227.09 -106.14 curveto
229.42 -102.06 227.37 -96.57 237.71 -98.26 curveto
248.06 -99.95 258.45 -102.72 263.19 -99.98 curveto
267.93 -97.24 270.94 -96.2 272.76 -96.48 curveto
274.57 -96.76 288.41 -99.91 291.61 -99.05 curveto
294.81 -98.18 302.68 -96.92 306.97 -96.19 curveto
311.26 -95.45 317.38 -99.32 323.52 -95.8 curveto
329.67 -92.28 343.11 -82.85 345.52 -80.58 curveto
347.94 -78.31 359.79 -69.5 358.88 -57.29 curveto
357.96 -45.09 348.96 -17.4 345.96 -10.88 curveto
342.97 -4.35 342.7 1.58 338.1 3.71 curveto
333.5 5.84 325.27 12.49 320.09 11.54 curveto
314.91 10.58 311.36 9.34 308.62 6.16 curveto
305.88 2.98 295.87 1.27 296.02 -1.96 curveto
296.16 -5.2 297.28 -10 292.27 -18.69 curveto
289.34 -23.77 291.82 -28.61 288.5 -30.92 curveto
285.18 -33.23 281.49 -43.3 262.63 -44.7 curveto
251.32 -45.54 254.94 -45.95 249.59 -47.1 curveto
244.24 -48.25 237.98 -45.29 236.31 -44.29 curveto
234.65 -43.28 234.26 -42.58 227.97 -42.87 curveto
221.68 -43.16 217.31 -41.92 215.16 -38.23 curveto
213.02 -34.55 205.09 -26.45 203.76 -24.9 curveto
202.42 -23.34 197.98 -16.7 189.31 -16.19 curveto
180.65 -15.69 172.63 -13.7 171.87 -12.84 curveto
171.11 -11.97 167.08 -2.42 163.13 -2.78 curveto
159.19 -3.14 152.33 -2.73 150.96 7.3 curveto
150.48 10.87 149.33 19.11 149.33 23.07 curveto
149.32 27.04 146.3 25.82 146.36 36.09 curveto
146.42 46.36 141.69 52.09 150.37 55.88 curveto
159.05 59.68 168.62 59.56 174.07 63.04 curveto
179.51 66.51 185.52 73.61 190.91 73.68 curveto
196.31 73.74 204.2 74.46 207.8 74.45 curveto
211.4 74.43 216.27 74.29 217.19 82.25 curveto
218.1 90.21 220.67 97.35 219.36 102.69 curveto
218.04 108.03 214.53 114.35 230.24 129.14 curveto
245.94 143.94 253.75 146.47 254.82 150.66 curveto stroke
newpath 254.82 150.66 moveto
255.89 154.86 253.26 157.09 259.04 160.6 curveto
264.83 164.11 268.75 172.77 271.35 175.05 curveto
273.94 177.33 284.35 186.1 286.64 187.1 curveto
288.94 188.11 298.48 196.11 304.99 199.47 curveto
311.51 202.83 313.17 209.76 317.2 212.28 curveto
321.23 214.81 328.24 215.3 331.45 215.99 curveto
334.66 216.67 338.91 222.41 348.68 221.63 curveto stroke
newpath 329.83 407.51 moveto
329.83 407.51 308.56 403.66 299.54 399.83 curveto
290.52 396 281.59 393.98 278.94 392.78 curveto
276.29 391.58 267.64 387.59 260.5 389.97 curveto
253.36 392.35 247.37 393.16 246.55 391.32 curveto
245.73 389.48 247.01 381.25 248.19 379.14 curveto
249.37 377.03 254.76 364.48 251.35 360.19 curveto
247.94 355.89 232.86 355.21 227.91 353.18 curveto
222.95 351.16 214.47 351.13 209.77 351.46 curveto
205.07 351.78 200.23 351.02 193.7 339.91 curveto
191.4 335.99 178.91 324.28 172.76 324.71 curveto
166.61 325.15 158.9 320.38 154.16 313.67 curveto
151.14 309.39 141.16 306.48 138.22 303.64 curveto
135.29 300.8 134.33 298.05 134.83 295.01 curveto
135.33 291.97 137.9 282.9 134.14 278.57 curveto
130.37 274.25 128.31 268.2 126.78 266.14 curveto
125.25 264.09 116.31 258.8 112.44 248.88 curveto
111.15 245.57 99.34 228.08 96.59 225.07 curveto
93.84 222.07 78.23 208.23 76.1 207.42 curveto
73.97 206.6 60.34 196.28 57.92 194.02 curveto stroke
newpath 57.92 194.02 moveto
54.59 191.89 33.06 190.73 7.18 178.04 curveto
3.71 176.34 -11.47 172.35 -12.75 172.65 curveto
-14.02 172.95 -17.1 173.36 -24.84 169.23 curveto
-32.58 165.1 -32.19 160.43 -40.77 162.93 curveto
-49.35 165.42 -54.91 168.77 -65.88 168.27 curveto
-76.85 167.76 -83.07 165.86 -91.47 168.17 curveto
-99.86 170.49 -105.5 171.67 -107.22 173.93 curveto
-108.95 176.2 -108.76 183.95 -108.76 183.95 curveto
-108.76 183.95 -112 187.94 -112.41 193.16 curveto
-112.83 198.36 -111.4 202.57 -112.22 208.84 curveto
-113.04 215.11 -113.47 224.64 -120.78 222.87 curveto
-128.09 221.09 -133.87 217.59 -135.13 213.39 curveto
-136.38 209.19 -144.73 198.72 -144.49 193.32 curveto
-144.25 187.93 -146.64 177.19 -155.26 176.44 curveto
-163.87 175.69 -162.48 172.87 -163.66 171.19 curveto
-164.85 169.52 -172.89 164.29 -171.95 155.51 curveto
-171.01 146.73 -167.86 144.71 -175.52 138.78 curveto
-183.18 132.85 -179.58 136.98 -184.12 129.75 curveto
-188.66 122.52 -202.51 102.08 -204.13 98.23 curveto
-205.76 94.37 -210.61 78.31 -214.03 74.38 curveto
-217.46 70.44 -222.17 63.03 -226.64 58.33 curveto
-231.12 53.62 -231.01 51.29 -231.19 43.35 curveto
-231.38 35.41 -235.52 27.3 -238.32 21.22 curveto
-241.11 15.15 -248.37 0.03 -249.24 -4.7 curveto
-250.11 -9.43 -256.73 -22.54 -259.79 -26.64 curveto
-262.85 -30.75 -261.42 -34.66 -263.93 -38.92 curveto
-266.44 -43.18 -275.55 -44.85 -274.4 -50.39 curveto
-273.25 -55.93 -272.79 -58.07 -269.14 -63.14 curveto
-265.49 -68.2 -256.97 -69.26 -256.59 -73.75 curveto
-256.2 -78.24 -255.09 -82.87 -263.34 -91.71 curveto
-265.93 -94.49 -280.16 -106.35 -280.97 -112.33 curveto
-281.78 -118.31 -283.18 -123.24 -281.89 -127.87 curveto
-280.6 -132.49 -279.72 -132.09 -278.38 -137.8 curveto
-277.04 -143.5 -280 -145.8 -280.82 -151.42 curveto
-281.65 -157.04 -284.63 -174.83 -289.28 -179.55 curveto
-293.93 -184.27 -297.81 -186.06 -299.91 -191.38 curveto
-302.01 -196.7 -305.98 -208.42 -306.3 -213.3 curveto
-306.62 -218.18 -312.79 -237.01 -314.99 -240.18 curveto
-317.19 -243.34 -330.35 -262.86 -331.89 -268.69 curveto
-333.42 -274.53 -338.92 -280.54 -341.2 -285.87 curveto
-343.48 -291.2 -346.37 -290.97 -350.3 -299.62 curveto
-354.23 -308.26 -355.06 -309.92 -355.06 -309.92 curveto stroke
newpath -155.03 81.99 moveto
-154.89 80.83 -153.96 76.28 -157.36 73.88 curveto
-160.77 71.48 -164.77 70.4 -165.83 71.97 curveto
-166.9 73.54 -168.77 76.97 -168.04 78.8 curveto
-167.31 80.63 -163.44 84.49 -162.9 84.61 curveto
-162.36 84.72 -161.22 85.31 -160.22 85.18 curveto
-159.23 85.04 -156.08 83.29 -156.08 83.29 curveto
-156.08 83.29 -155.18 83.15 -155.03 81.99 curveto closepath stroke
newpath -139.71 101.67 moveto
-140.54 100.01 -147.35 91.25 -147.93 90.14 curveto
-148.51 89.03 -151.72 84.39 -152.88 84.16 curveto
-154.04 83.93 -154.83 83.35 -154.83 83.35 curveto
-154.83 83.35 -160.22 86.98 -160.25 87.7 curveto
-160.28 88.41 -158.34 95.34 -157.58 96.46 curveto
-156.82 97.57 -150.54 104.16 -149.49 104.66 curveto
-148.43 105.15 -143.27 106.65 -142.63 106.4 curveto
-141.99 106.16 -139.27 105.83 -139.33 103.22 curveto
-139.4 100.61 -138.89 103.33 -139.71 101.67 curveto closepath stroke
newpath -170.97 81.73 moveto
-169.79 79.62 -169.12 78.84 -169.5 77.29 curveto
-169.88 75.75 -172.38 71.22 -174.07 70.88 curveto
-175.77 70.53 -177.58 70.81 -178.18 71.95 curveto
-178.77 73.09 -178.94 76.96 -176.94 78.49 curveto
-174.94 80.02 -174.68 82.28 -173.89 82.58 curveto
-173.09 82.89 -171.36 82.52 -171.36 82.52 curveto
-171.36 82.52 -172.14 83.83 -170.97 81.73 curveto closepath stroke
newpath -169.13 61.38 moveto
-166.96 61.12 -163.14 60.48 -162.88 58.6 curveto
-162.61 56.72 -162.24 54.58 -165.89 51.62 curveto
-169.54 48.66 -170.68 46.09 -173.08 47.24 curveto
-175.47 48.39 -176.07 51.52 -175.16 53.36 curveto
-174.25 55.21 -173.03 58.05 -172.54 59.15 curveto
-172.05 60.26 -172.55 61.23 -170.39 61.41 curveto
-168.24 61.6 -171.31 61.64 -169.13 61.38 curveto closepath stroke
newpath -17.11 95.72 moveto
-32.1 92.14 -38.41 88.24 -52.52 81.84 curveto
-66.62 75.44 -88.77 63.98 -93.99 60.14 curveto
-99.22 56.3 -107.96 58.43 -110.85 50.73 curveto
-113.73 43.04 -118.42 35.26 -124.13 33.92 curveto
-129.83 32.59 -145.67 24.68 -152.15 16.81 curveto
-158.64 8.94 -161.71 5.2 -161.71 5.2 curveto
-161.71 5.2 -176.1 -3.39 -170.76 14.17 curveto
-165.43 31.72 -157.69 51.54 -146.01 56.02 curveto
-134.33 60.5 -128.32 70.85 -126.36 75.26 curveto
-124.4 79.67 -109.79 91.13 -95.5 93.58 curveto
-81.22 96.03 -65.79 105.01 -52.05 103.48 curveto
-38.3 101.94 -41.44 107.93 -27.64 114.34 curveto
-13.84 120.75 -10.38 124.15 -7.48 123.56 curveto
-4.57 122.98 -5.83 118.59 -6.48 117.12 curveto
-7.14 115.65 -8.45 112.35 -7.89 107.68 curveto
-7.33 103.02 -8.02 102.27 -8.61 99.36 curveto
-9.21 96.44 -10.62 97.27 -17.11 95.72 curveto closepath stroke
newpath -85.2 -63.46 moveto
-85.2 -63.46 -93.33 -66.72 -100.43 -68.83 curveto
-107.54 -70.94 -114.84 -76.7 -118.81 -84.48 curveto
-122.77 -92.23 -122.01 -93.28 -126.71 -101.06 curveto
-131.41 -108.84 -140.38 -117.9 -140.38 -117.9 curveto
-140.38 -117.9 -144.02 -117.34 -141.44 -126.6 curveto
-138.86 -135.86 -139.1 -138.4 -141.25 -138.86 curveto
-143.39 -139.31 -147.27 -149.53 -154.38 -135.46 curveto
-161.51 -121.36 -164.99 -107.07 -163.35 -103.4 curveto
-161.71 -99.72 -142.48 -78.62 -140.08 -75.99 curveto
-137.68 -73.35 -129.48 -63.59 -130.02 -59.66 curveto
-130.56 -55.72 -117.59 -55.85 -114.08 -53.9 curveto
-110.56 -51.95 -92.74 -38.92 -82.45 -35.24 curveto
-72.15 -31.55 -67.34 -26.28 -58.76 -24.43 curveto
-50.19 -22.57 -45.44 -24.14 -40.44 -15.25 curveto
-35.45 -6.35 -36.76 -17.23 -36.76 -17.23 curveto
-36.76 -17.23 -37.59 -23.38 -36.65 -28.73 curveto
-35.7 -34.1 -34.99 -41.99 -48.07 -47.99 curveto
-61.15 -54 -60.79 -53.99 -67.94 -55.06 curveto
-75.08 -56.13 -81.44 -58.96 -81.74 -60.41 curveto
-82.03 -61.87 -85.2 -63.46 -85.2 -63.46 curveto closepath stroke
newpath -23.98 -81.85 moveto
-23.98 -81.85 -33.74 -92.94 -35.89 -97.19 curveto
-38.03 -101.44 -39.68 -104.58 -42.08 -107.22 curveto
-44.48 -109.85 -50.13 -112.28 -56.26 -112.03 curveto
-62.39 -111.78 -68.19 -114.94 -69.51 -117.53 curveto
-70.83 -120.12 -81.18 -122.41 -85.32 -122.6 curveto
-89.46 -122.8 -105.15 -131.1 -101.24 -121.73 curveto
-97.33 -112.35 -91.39 -104.14 -85.92 -97.92 curveto
-80.44 -91.71 -78.29 -95.39 -73.72 -89.04 curveto
-69.16 -82.7 -56.19 -71.26 -49.98 -69.53 curveto
-43.75 -67.8 -36.07 -62.41 -32.21 -55.93 curveto
-28.34 -49.45 -23.8 -42.22 -22.44 -40.36 curveto
-21.08 -38.49 -18.77 -37.67 -15.61 -35.55 curveto
-12.46 -33.42 -9.51 -26.8 -8.66 -21.72 curveto
-7.81 -16.63 -5.69 -11.67 -4.89 -5.5 curveto
-4.1 0.67 -3.53 3.94 -3.2 4.67 curveto
-2.88 5.41 -1.67 14.11 -6.31 5.43 curveto
-10.95 -3.26 -11.82 -7 -11.45 3.38 curveto
-11.37 5.54 -6.62 8.29 -6.5 9.56 curveto
-6.38 10.82 -8.89 14.3 -6.1 16.24 curveto
-3.3 18.18 6.68 28.22 8.18 30.82 curveto
9.68 33.41 18.92 43.56 19.38 45.37 curveto
19.84 47.19 23.06 55.51 30.68 54.36 curveto
38.27 53.21 41.99 50.7 43.45 49.93 curveto
44.93 49.15 50.78 50.01 41.82 46.01 curveto
32.79 41.99 20.15 32.32 17.62 28.59 curveto
15.1 24.86 2.21 19.89 2.88 1.9 curveto
3.13 -4.95 -0.01 -9.78 0.85 -16.77 curveto
1.71 -23.75 3.08 -30 0.94 -34.6 curveto
-1.19 -39.2 -6.28 -50.43 -8.44 -54.67 curveto
-10.59 -58.91 -11.66 -59.32 -13.27 -67.5 curveto
-14.89 -75.67 -16.58 -77.91 -19.07 -78.75 curveto
-21.56 -79.58 -23.98 -81.85 -23.98 -81.85 curveto closepath stroke
newpath -38.39 32.77 moveto
-41.82 29 -47.05 25.53 -50.11 21.79 curveto
-53.18 18.06 -50.5 14.58 -64.51 6 curveto
-78.53 -2.59 -77.08 -2.54 -81.36 -11.4 curveto
-85.63 -20.25 -91.91 -24.84 -95.43 -26.79 curveto
-98.95 -28.74 -108.74 -35.65 -112.34 -35.8 curveto
-115.94 -35.96 -126.52 -33.54 -117.54 -24.5 curveto
-108.56 -15.47 -86.53 15.11 -84.04 15.95 curveto
-81.56 16.78 -58.53 32.61 -55.49 37.07 curveto
-52.46 41.53 -43.43 48.79 -40.56 48.92 curveto
-37.69 49.05 -27.31 50.24 -26.79 46.66 curveto
-26.26 43.07 -27.15 38.7 -30.67 37.09 curveto
-34.2 35.48 -34.97 36.53 -38.39 32.77 curveto closepath stroke
newpath 34.52 151.39 moveto
33.41 148.4 22.5 138.06 15.48 137.75 curveto
14.39 137.7 11.7 133.8 7.25 132.52 curveto
2.8 131.24 -14.47 131.17 -17.99 129.39 curveto
-21.51 127.6 -33.95 123.61 -37.58 119.83 curveto
-41.22 116.06 -49.61 118.92 -53.27 115.86 curveto
-56.93 112.81 -60.51 107.78 -78.93 105.68 curveto
-86.39 104.83 -92.27 102.19 -92.27 102.19 curveto
-92.27 102.19 -92.62 105.96 -91.93 106.71 curveto
-91.24 107.46 -84.72 110.64 -82.81 112.17 curveto
-80.89 113.7 -78.65 120.11 -70.44 121.93 curveto
-62.24 123.75 -54.12 123.4 -51.14 125.34 curveto
-48.16 127.28 -41.99 130.44 -40.84 132.84 curveto
-39.69 135.23 -25.32 140.03 -18.18 145.22 curveto
-11.03 150.41 0.73 158.23 16.73 157.78 curveto
21.52 157.65 29.9 161.51 33 157.27 curveto
34.5 155.22 34.97 152.58 34.52 151.39 curveto closepath stroke
newpath 76.13 100.1 moveto
76.13 100.1 81.99 89.84 81.52 83.36 curveto
81.06 76.88 83.6 72.59 75.6 68.86 curveto
67.63 65.14 61.53 66.24 59.38 65.88 curveto
57.23 65.53 40.14 64.87 39.22 65.36 curveto
38.29 65.84 34.1 67.24 34.88 71.9 curveto
35.67 76.55 38.43 79.31 43.7 82.71 curveto
48.96 86.11 58.08 92.61 59.99 94.4 curveto
61.9 96.19 69.84 102.99 70.65 103.29 curveto
71.45 103.59 71.91 104.47 74.4 102.28 curveto
75.67 101.16 76.13 100.1 76.13 100.1 curveto closepath stroke
newpath 121.95 121.95 moveto
121.95 121.95 112.08 116.14 111.53 116.12 curveto
110.99 116.1 105.64 113.56 105.92 118.32 curveto
106.2 123.07 105.14 126.28 111.39 128.17 curveto
117.65 130.07 118.53 132.44 123.15 130.75 curveto
127.77 129.06 126.14 127.29 126.13 126.28 curveto
126.08 123.25 121.95 121.95 121.95 121.95 curveto closepath stroke
newpath 95.67 110.59 moveto
86.75 104.49 lineto
86.75 104.49 80.95 101.92 81.92 106.99 curveto
82.89 112.06 84.57 110.96 86.41 112.47 curveto
88.26 113.98 94.32 116.82 94.32 116.82 curveto
94.32 116.82 98.65 117.96 99.18 116.01 curveto
99.81 113.7 99.04 112.69 97.44 111.91 curveto
96.23 111.32 95.67 110.59 95.67 110.59 curveto closepath stroke
newpath 124.83 111.61 moveto
124.83 111.61 121.35 108.98 118.69 105.23 curveto
116.03 101.47 113.92 99.78 110.94 97.68 curveto
107.96 95.58 105.05 91.34 103.25 90.91 curveto
101.46 90.48 98.98 89.12 98.03 90.16 curveto
97.08 91.19 91.15 94.53 91.46 95.8 curveto
91.77 97.07 92.36 100.5 94.71 100.6 curveto
97.07 100.69 105.46 103.89 108.47 105.45 curveto
111.47 107.01 117.41 110.37 117.41 110.37 curveto
117.41 110.37 122.34 113.92 123.02 114.15 curveto
123.7 114.39 125.15 116 125.44 115.21 curveto
125.74 114.37 125.62 113.21 125.62 113.21 curveto
 closepath stroke
showpage
%%EOF
