%!PS
%%BoundingBox: -367 -420 365 409 
%%HiResBoundingBox: -366.04993 -419.67 364.38997 408.11 
%%Creator: MetaPost 1.209
%%CreationDate: 2017.03.03:1418
%%Pages: 1
%%BeginProlog
%%EndProlog
%%Page: 1 1
 0 0 0 setrgbcolor 0 1.2 dtransform truncate idtransform setlinewidth pop
 [] 0 setdash 1 setlinejoin 10 setmiterlimit
newpath 124.83 111.61 moveto
124.83 111.61 121.35 108.98 118.69 105.23 curveto
116.03 101.47 113.92 99.78 110.94 97.68 curveto
107.96 95.58 105.05 91.34 103.25 90.91 curveto
101.46 90.48 98.98 89.12 98.03 90.16 curveto
97.08 91.19 91.15 94.53 91.46 95.8 curveto
91.77 97.07 92.36 100.5 94.71 100.6 curveto
97.07 100.69 105.46 103.89 108.47 105.45 curveto
111.47 107.01 117.41 110.37 117.41 110.37 curveto
117.41 110.37 122.34 113.92 123.02 114.15 curveto
123.7 114.39 125.15 116 125.44 115.21 curveto
125.74 114.37 125.62 113.21 125.62 113.21 curveto
 closepath stroke
 0 0 1 setrgbcolor 0 0.84 dtransform truncate idtransform setlinewidth pop
newpath 124.78 111.65 moveto
124.78 111.65 121.11 109.14 118.4 105.42 curveto
115.68 101.69 113.6 99.98 110.63 97.86 curveto
107.67 95.75 104.8 91.47 103.01 91.03 curveto
101.23 90.59 98.77 89.21 97.82 90.25 curveto
96.87 91.28 90.95 94.61 91.25 95.88 curveto
91.56 97.16 92.13 100.61 94.47 100.72 curveto
96.81 100.83 105.13 104.09 108.12 105.67 curveto
111.11 107.25 117.08 110.58 117.08 110.58 curveto
117.08 110.58 122.15 114.05 122.86 114.26 curveto
123.57 114.47 124.94 116.15 125.34 115.27 curveto
125.74 114.39 125.61 113.21 125.61 113.21 curveto
 closepath stroke
 1 0 0 setrgbcolor
newpath 124.75 111.68 moveto
124.75 111.68 121.08 109.17 118.37 105.45 curveto
115.65 101.72 113.57 100 110.6 97.89 curveto
107.63 95.77 104.76 91.5 102.98 91.06 curveto
101.2 90.61 98.74 89.24 97.79 90.28 curveto
96.84 91.32 90.93 94.65 91.23 95.93 curveto
91.53 97.2 92.1 100.65 94.43 100.76 curveto
96.77 100.87 105.09 104.13 108.08 105.7 curveto
111.08 107.28 117.05 110.61 117.05 110.61 curveto
117.05 110.61 122.12 114.09 122.83 114.3 curveto
123.54 114.51 124.91 116.19 125.31 115.31 curveto
125.71 114.43 125.58 113.25 125.58 113.25 curveto
 closepath stroke
 0 0 0 setrgbcolor 0 1.2 dtransform truncate idtransform setlinewidth pop
newpath 95.67 110.59 moveto
86.75 104.49 lineto
86.75 104.49 80.95 101.92 81.92 106.99 curveto
82.89 112.06 84.57 110.96 86.41 112.47 curveto
88.26 113.98 94.32 116.82 94.32 116.82 curveto
94.32 116.82 98.65 117.96 99.18 116.01 curveto
99.81 113.7 99.04 112.69 97.44 111.91 curveto
96.23 111.32 95.67 110.59 95.67 110.59 curveto closepath stroke
 0 0 1 setrgbcolor 0 0.84 dtransform truncate idtransform setlinewidth pop
newpath 95.37 110.76 moveto
86.54 104.58 lineto
86.54 104.58 80.79 101.97 81.74 107.06 curveto
82.68 112.15 84.36 111.06 86.18 112.59 curveto
88.01 114.11 94.01 117 94.01 117 curveto
94.01 117 98.28 118.19 98.82 116.23 curveto
99.45 113.92 98.7 112.89 97.11 112.1 curveto
95.91 111.5 95.37 110.76 95.37 110.76 curveto closepath stroke
 1 0 0 setrgbcolor
newpath 95.33 110.8 moveto
86.51 104.63 lineto
86.51 104.63 80.77 102.03 81.71 107.12 curveto
82.65 112.21 84.32 111.11 86.15 112.64 curveto
87.97 114.16 93.97 117.04 93.97 117.04 curveto
93.97 117.04 98.24 118.23 98.78 116.27 curveto
99.41 113.96 98.66 112.93 97.07 112.14 curveto
95.87 111.54 95.33 110.8 95.33 110.8 curveto closepath stroke
 0 0 0 setrgbcolor 0 1.2 dtransform truncate idtransform setlinewidth pop
newpath 121.95 121.95 moveto
121.95 121.95 112.08 116.14 111.53 116.12 curveto
110.99 116.1 105.64 113.56 105.92 118.32 curveto
106.2 123.07 105.14 126.28 111.39 128.17 curveto
117.65 130.07 118.53 132.44 123.15 130.75 curveto
127.77 129.06 126.14 127.29 126.13 126.28 curveto
126.08 123.25 121.95 121.95 121.95 121.95 curveto closepath stroke
 0 0 1 setrgbcolor 0 0.84 dtransform truncate idtransform setlinewidth pop
newpath 121.04 122.55 moveto
121.04 122.55 111.6 116.45 111.06 116.43 curveto
110.52 116.4 105.23 113.82 105.46 118.61 curveto
105.7 123.39 104.65 126.58 110.78 128.57 curveto
116.9 130.56 117.78 132.94 122.26 131.34 curveto
126.75 129.75 125.07 128 125.03 127.01 curveto
124.89 124.05 121.04 122.55 121.04 122.55 curveto closepath stroke
 1 0 0 setrgbcolor
newpath 121.01 122.59 moveto
121.01 122.59 111.56 116.49 111.02 116.47 curveto
110.48 116.44 105.19 113.86 105.43 118.65 curveto
105.66 123.43 104.61 126.63 110.74 128.62 curveto
116.87 130.61 117.75 132.99 122.24 131.39 curveto
126.72 129.79 125.05 128.05 125 127.06 curveto
124.87 124.09 121.01 122.59 121.01 122.59 curveto closepath stroke
 0 0 0 setrgbcolor 0 1.2 dtransform truncate idtransform setlinewidth pop
newpath 76.13 100.1 moveto
76.13 100.1 81.99 89.84 81.52 83.36 curveto
81.06 76.88 83.6 72.59 75.6 68.86 curveto
67.63 65.14 61.53 66.24 59.38 65.88 curveto
57.23 65.53 40.14 64.87 39.22 65.36 curveto
38.29 65.84 34.1 67.24 34.88 71.9 curveto
35.67 76.55 38.43 79.31 43.7 82.71 curveto
48.96 86.11 58.08 92.61 59.99 94.4 curveto
61.9 96.19 69.84 102.99 70.65 103.29 curveto
71.45 103.59 71.91 104.47 74.4 102.28 curveto
75.67 101.16 76.13 100.1 76.13 100.1 curveto closepath stroke
 0 0 1 setrgbcolor 0 0.84 dtransform truncate idtransform setlinewidth pop
newpath 76 100.12 moveto
76 100.12 81.86 89.85 81.42 83.34 curveto
80.98 76.83 83.52 72.53 75.56 68.74 curveto
67.61 64.95 61.52 66.03 59.38 65.67 curveto
57.23 65.3 40.14 64.82 39.22 65.32 curveto
38.3 65.82 34.1 67.24 34.88 71.88 curveto
35.67 76.52 38.43 79.26 43.69 82.65 curveto
48.94 86.03 58.03 92.56 59.93 94.36 curveto
61.84 96.15 69.74 103 70.54 103.3 curveto
71.33 103.61 71.79 104.49 74.28 102.3 curveto
75.54 101.18 76 100.12 76 100.12 curveto closepath stroke
 1 0 0 setrgbcolor
newpath 75.99 100.19 moveto
75.99 100.19 81.86 89.92 81.44 83.41 curveto
81.01 76.91 83.55 72.61 75.61 68.82 curveto
67.67 65.04 61.59 66.12 59.44 65.75 curveto
57.3 65.38 40.2 64.88 39.28 65.38 curveto
38.36 65.87 34.15 67.3 34.93 71.94 curveto
35.71 76.57 38.47 79.3 43.72 82.69 curveto
48.97 86.09 58.04 92.62 59.95 94.42 curveto
61.85 96.22 69.73 103.06 70.53 103.37 curveto
71.33 103.68 71.79 104.55 74.27 102.37 curveto
75.54 101.25 75.99 100.19 75.99 100.19 curveto closepath stroke
 0 0 0 setrgbcolor 0 1.2 dtransform truncate idtransform setlinewidth pop
newpath 34.52 151.39 moveto
33.41 148.4 22.5 138.06 15.48 137.75 curveto
14.39 137.7 11.7 133.8 7.25 132.52 curveto
2.8 131.24 -14.47 131.17 -17.99 129.39 curveto
-21.51 127.6 -33.95 123.61 -37.58 119.83 curveto
-41.22 116.06 -49.61 118.92 -53.27 115.86 curveto
-56.93 112.81 -60.51 107.78 -78.93 105.68 curveto
-86.39 104.83 -92.27 102.19 -92.27 102.19 curveto
-92.27 102.19 -92.62 105.96 -91.93 106.71 curveto
-91.24 107.46 -84.72 110.64 -82.81 112.17 curveto
-80.89 113.7 -78.65 120.11 -70.44 121.93 curveto
-62.24 123.75 -54.12 123.4 -51.14 125.34 curveto
-48.16 127.28 -41.99 130.44 -40.84 132.84 curveto
-39.69 135.23 -25.32 140.03 -18.18 145.22 curveto
-11.03 150.41 0.73 158.23 16.73 157.78 curveto
21.52 157.65 29.9 161.51 33 157.27 curveto
34.5 155.22 34.97 152.58 34.52 151.39 curveto closepath stroke
 0 0 1 setrgbcolor 0 0.84 dtransform truncate idtransform setlinewidth pop
newpath 34.52 151.39 moveto
33.41 148.4 22.49 138.06 15.47 137.75 curveto
14.37 137.7 11.68 133.79 7.23 132.51 curveto
2.78 131.23 -14.48 131.16 -18 129.38 curveto
-21.53 127.6 -33.96 123.6 -37.59 119.83 curveto
-41.23 116.05 -49.62 118.91 -53.29 115.86 curveto
-56.94 112.8 -60.52 107.77 -78.94 105.67 curveto
-86.4 104.82 -92.28 102.19 -92.28 102.19 curveto
-92.28 102.19 -92.63 105.95 -91.94 106.7 curveto
-91.25 107.46 -84.73 110.64 -82.82 112.16 curveto
-80.9 113.69 -78.66 120.1 -70.45 121.92 curveto
-62.25 123.74 -54.13 123.39 -51.15 125.33 curveto
-48.17 127.27 -42.01 130.44 -40.85 132.83 curveto
-39.7 135.23 -25.33 140.03 -18.18 145.22 curveto
-11.04 150.4 0.71 158.24 16.71 157.78 curveto
21.5 157.66 29.88 161.5 32.99 157.27 curveto
34.48 155.22 34.96 152.58 34.52 151.39 curveto closepath stroke
 1 0 0 setrgbcolor
newpath 34.48 151.38 moveto
33.37 148.39 22.47 138.04 15.46 137.72 curveto
14.37 137.67 11.67 133.77 7.23 132.48 curveto
2.78 131.2 -14.51 131.14 -18.04 129.36 curveto
-21.56 127.58 -33.99 123.59 -37.61 119.82 curveto
-41.22 116.05 -49.64 118.92 -53.28 115.87 curveto
-56.93 112.82 -60.48 107.79 -78.95 105.69 curveto
-86.42 104.85 -92.3 102.21 -92.3 102.21 curveto
-92.3 102.21 -92.66 105.97 -91.97 106.73 curveto
-91.28 107.48 -84.76 110.66 -82.85 112.18 curveto
-80.93 113.71 -78.7 120.12 -70.5 121.93 curveto
-62.29 123.75 -54.16 123.39 -51.19 125.33 curveto
-48.21 127.27 -42.05 130.43 -40.9 132.83 curveto
-39.74 135.22 -25.37 140.02 -18.21 145.2 curveto
-11.06 150.39 0.69 158.24 16.71 157.78 curveto
21.49 157.64 29.87 161.5 32.95 157.25 curveto
34.44 155.2 34.92 152.57 34.48 151.38 curveto closepath stroke
 0 0 0 setrgbcolor 0 1.2 dtransform truncate idtransform setlinewidth pop
 1 setlinecap
newpath 329.83 407.51 moveto
329.83 407.51 308.56 403.66 299.54 399.83 curveto
290.52 396 281.59 393.98 278.94 392.78 curveto
276.29 391.58 267.64 387.59 260.5 389.97 curveto
253.36 392.35 247.37 393.16 246.55 391.32 curveto
245.73 389.48 247.01 381.25 248.19 379.14 curveto
249.37 377.03 254.76 364.48 251.35 360.19 curveto
247.94 355.89 232.86 355.21 227.91 353.18 curveto
222.95 351.16 214.47 351.13 209.77 351.46 curveto
205.07 351.78 200.23 351.02 193.7 339.91 curveto
191.4 335.99 178.91 324.28 172.76 324.71 curveto
166.61 325.15 158.9 320.38 154.16 313.67 curveto
151.14 309.39 141.16 306.48 138.22 303.64 curveto
135.29 300.8 134.33 298.05 134.83 295.01 curveto
135.33 291.97 137.9 282.9 134.14 278.57 curveto
130.37 274.25 128.31 268.2 126.78 266.14 curveto
125.25 264.09 116.31 258.8 112.44 248.88 curveto
111.15 245.57 99.34 228.08 96.59 225.07 curveto
93.84 222.07 78.23 208.23 76.1 207.42 curveto
73.97 206.6 60.34 196.28 57.92 194.02 curveto stroke
 0 0 1 setrgbcolor 0 0.84 dtransform truncate idtransform setlinewidth pop
newpath 329.79 407.52 moveto
329.79 407.52 308.52 403.68 299.5 399.85 curveto
290.48 396.02 281.55 394 278.9 392.79 curveto
276.25 391.59 267.6 387.6 260.46 389.98 curveto
253.31 392.36 247.33 393.17 246.51 391.34 curveto
245.69 389.5 246.96 381.27 248.14 379.16 curveto
249.32 377.05 254.72 364.5 251.3 360.2 curveto
247.89 355.91 232.82 355.23 227.86 353.2 curveto
222.9 351.17 214.42 351.15 209.72 351.48 curveto
205.01 351.8 200.18 351.04 193.65 339.93 curveto
191.35 336.02 178.85 324.3 172.7 324.74 curveto
166.55 325.17 158.84 320.4 154.1 313.69 curveto
151.08 309.42 141.09 306.51 138.16 303.67 curveto
135.22 300.83 134.27 298.08 134.77 295.04 curveto
135.26 292 137.84 282.92 134.07 278.6 curveto
130.3 274.28 128.23 268.23 126.71 266.18 curveto
125.18 264.12 116.23 258.83 112.36 248.92 curveto
111.07 245.61 99.25 228.12 96.5 225.12 curveto
93.76 222.11 78.16 208.26 76.03 207.44 curveto
73.91 206.63 60.32 196.29 57.91 194.02 curveto stroke
 1 0 0 setrgbcolor
newpath 329.73 407.47 moveto
329.73 407.47 308.46 403.62 299.45 399.79 curveto
290.43 395.96 281.51 393.93 278.87 392.73 curveto
276.22 391.53 267.57 387.53 260.43 389.91 curveto
253.3 392.29 247.32 393.1 246.5 391.26 curveto
245.68 389.43 246.96 381.19 248.13 379.09 curveto
249.31 376.98 254.7 364.43 251.29 360.13 curveto
247.88 355.83 232.82 355.15 227.87 353.12 curveto
222.91 351.09 214.45 351.07 209.75 351.4 curveto
205.05 351.73 200.22 350.97 193.69 339.86 curveto
191.39 335.94 178.9 324.23 172.76 324.68 curveto
166.61 325.12 158.9 320.35 154.16 313.65 curveto
151.14 309.38 141.15 306.49 138.21 303.65 curveto
135.28 300.82 134.32 298.07 134.82 295.03 curveto
135.32 291.99 137.89 282.91 134.12 278.6 curveto
130.35 274.28 128.29 268.24 126.76 266.19 curveto
125.23 264.14 116.28 258.87 112.4 248.97 curveto
111.11 245.66 99.29 228.19 96.54 225.18 curveto
93.8 222.18 78.21 208.32 76.08 207.5 curveto
73.96 206.68 60.37 196.34 57.95 194.06 curveto stroke
 0 0 0 setrgbcolor 0 1.2 dtransform truncate idtransform setlinewidth pop
newpath 254.82 150.66 moveto
255.89 154.86 253.26 157.09 259.04 160.6 curveto
264.83 164.11 268.75 172.77 271.35 175.05 curveto
273.94 177.33 284.35 186.1 286.64 187.1 curveto
288.94 188.11 298.48 196.11 304.99 199.47 curveto
311.51 202.83 313.17 209.76 317.2 212.28 curveto
321.23 214.81 328.24 215.3 331.45 215.99 curveto
334.66 216.67 338.91 222.41 348.68 221.63 curveto stroke
 0 0 1 setrgbcolor 0 0.84 dtransform truncate idtransform setlinewidth pop
newpath 254.72 150.71 moveto
255.79 154.91 253.17 157.13 258.95 160.64 curveto
264.74 164.15 268.67 172.8 271.27 175.09 curveto
273.87 177.37 284.29 186.13 286.58 187.13 curveto
288.88 188.13 298.43 196.13 304.95 199.49 curveto
311.47 202.85 313.14 209.77 317.17 212.29 curveto
321.2 214.82 328.21 215.31 331.42 216 curveto
334.63 216.68 338.88 222.42 348.65 221.64 curveto stroke
 1 0 0 setrgbcolor
newpath 254.7 150.73 moveto
255.77 154.92 253.15 157.14 258.93 160.65 curveto
264.72 164.15 268.65 172.8 271.25 175.08 curveto
273.85 177.36 284.27 186.12 286.56 187.13 curveto
288.86 188.13 298.41 196.13 304.92 199.49 curveto
311.44 202.85 313.1 209.77 317.13 212.3 curveto
321.16 214.82 328.17 215.32 331.38 216.01 curveto
334.59 216.69 338.84 222.43 348.6 221.65 curveto stroke
 0 0 0 setrgbcolor 0 1.2 dtransform truncate idtransform setlinewidth pop
newpath -38.39 32.77 moveto
-41.82 29 -47.05 25.53 -50.11 21.79 curveto
-53.18 18.06 -50.5 14.58 -64.51 6 curveto
-78.53 -2.59 -77.08 -2.54 -81.36 -11.4 curveto
-85.63 -20.25 -91.91 -24.84 -95.43 -26.79 curveto
-98.95 -28.74 -108.74 -35.65 -112.34 -35.8 curveto
-115.94 -35.96 -126.52 -33.54 -117.54 -24.5 curveto
-108.56 -15.47 -86.53 15.11 -84.04 15.95 curveto
-81.56 16.78 -58.53 32.61 -55.49 37.07 curveto
-52.46 41.53 -43.43 48.79 -40.56 48.92 curveto
-37.69 49.05 -27.31 50.24 -26.79 46.66 curveto
-26.26 43.07 -27.15 38.7 -30.67 37.09 curveto
-34.2 35.48 -34.97 36.53 -38.39 32.77 curveto closepath stroke
 0 0 1 setrgbcolor 0 0.84 dtransform truncate idtransform setlinewidth pop
newpath -38.4 32.75 moveto
-41.82 28.99 -47.05 25.52 -50.12 21.79 curveto
-53.18 18.05 -50.49 14.57 -64.51 5.99 curveto
-78.52 -2.61 -77.09 -2.54 -81.36 -11.41 curveto
-85.63 -20.25 -91.91 -24.84 -95.43 -26.79 curveto
-98.95 -28.74 -108.74 -35.65 -112.34 -35.81 curveto
-115.94 -35.96 -126.52 -33.55 -117.54 -24.5 curveto
-108.57 -15.48 -86.53 15.1 -84.05 15.94 curveto
-81.56 16.78 -58.53 32.61 -55.5 37.06 curveto
-52.46 41.52 -43.44 48.77 -40.57 48.9 curveto
-37.7 49.03 -27.31 50.22 -26.79 46.64 curveto
-26.27 43.05 -27.15 38.68 -30.68 37.07 curveto
-34.2 35.47 -34.97 36.52 -38.4 32.75 curveto closepath stroke
 1 0 0 setrgbcolor
newpath -38.34 32.76 moveto
-41.78 29 -47.03 25.52 -50.1 21.77 curveto
-53.17 18.03 -50.49 14.55 -64.52 5.98 curveto
-78.55 -2.58 -77.11 -2.51 -81.39 -11.36 curveto
-85.68 -20.2 -91.95 -24.81 -95.47 -26.77 curveto
-98.98 -28.73 -108.76 -35.66 -112.36 -35.82 curveto
-115.95 -35.99 -126.51 -33.58 -117.55 -24.53 curveto
-108.59 -15.47 -86.55 15.08 -84.07 15.91 curveto
-81.58 16.74 -58.52 32.56 -55.48 37.03 curveto
-52.43 41.49 -43.39 48.75 -40.52 48.88 curveto
-37.64 49.01 -27.24 50.2 -26.72 46.62 curveto
-26.2 43.04 -27.08 38.67 -30.61 37.07 curveto
-34.14 35.47 -34.91 36.52 -38.34 32.76 curveto closepath stroke
 0 0 0 setrgbcolor 0 1.2 dtransform truncate idtransform setlinewidth pop
newpath -23.98 -81.85 moveto
-23.98 -81.85 -33.74 -92.94 -35.89 -97.19 curveto
-38.03 -101.44 -39.68 -104.58 -42.08 -107.22 curveto
-44.48 -109.85 -50.13 -112.28 -56.26 -112.03 curveto
-62.39 -111.78 -68.19 -114.94 -69.51 -117.53 curveto
-70.83 -120.12 -81.18 -122.41 -85.32 -122.6 curveto
-89.46 -122.8 -105.15 -131.1 -101.24 -121.73 curveto
-97.33 -112.35 -91.39 -104.14 -85.92 -97.92 curveto
-80.44 -91.71 -78.29 -95.39 -73.72 -89.04 curveto
-69.16 -82.7 -56.19 -71.26 -49.98 -69.53 curveto
-43.75 -67.8 -36.07 -62.41 -32.21 -55.93 curveto
-28.34 -49.45 -23.8 -42.22 -22.44 -40.36 curveto
-21.08 -38.49 -18.77 -37.67 -15.61 -35.55 curveto
-12.46 -33.42 -9.51 -26.8 -8.66 -21.72 curveto
-7.81 -16.63 -5.69 -11.67 -4.89 -5.5 curveto
-4.1 0.67 -3.53 3.94 -3.2 4.67 curveto
-2.88 5.41 -1.67 14.11 -6.31 5.43 curveto
-10.95 -3.26 -11.82 -7 -11.45 3.38 curveto
-11.37 5.54 -6.62 8.29 -6.5 9.56 curveto
-6.38 10.82 -8.89 14.3 -6.1 16.24 curveto
-3.3 18.18 6.68 28.22 8.18 30.82 curveto
9.68 33.41 18.92 43.56 19.38 45.37 curveto
19.84 47.19 23.06 55.51 30.68 54.36 curveto
38.27 53.21 41.99 50.7 43.45 49.93 curveto
44.93 49.15 50.78 50.01 41.82 46.01 curveto
32.79 41.99 20.15 32.32 17.62 28.59 curveto
15.1 24.86 2.21 19.89 2.88 1.9 curveto
3.13 -4.95 -0.01 -9.78 0.85 -16.77 curveto
1.71 -23.75 3.08 -30 0.94 -34.6 curveto
-1.19 -39.2 -6.28 -50.43 -8.44 -54.67 curveto
-10.59 -58.91 -11.66 -59.32 -13.27 -67.5 curveto
-14.89 -75.67 -16.58 -77.91 -19.07 -78.75 curveto
-21.56 -79.58 -23.98 -81.85 -23.98 -81.85 curveto closepath stroke
 0 0 1 setrgbcolor 0 0.84 dtransform truncate idtransform setlinewidth pop
newpath -23.99 -81.86 moveto
-23.99 -81.86 -33.75 -92.95 -35.89 -97.2 curveto
-38.03 -101.44 -39.69 -104.59 -42.09 -107.22 curveto
-44.48 -109.86 -50.13 -112.29 -56.26 -112.04 curveto
-62.39 -111.79 -68.19 -114.95 -69.52 -117.54 curveto
-70.84 -120.12 -81.18 -122.41 -85.32 -122.61 curveto
-89.46 -122.8 -105.15 -131.1 -101.24 -121.73 curveto
-97.33 -112.35 -91.4 -104.14 -85.92 -97.93 curveto
-80.45 -91.71 -78.29 -95.4 -73.73 -89.05 curveto
-69.16 -82.7 -56.19 -71.27 -49.98 -69.53 curveto
-43.75 -67.8 -36.07 -62.41 -32.21 -55.94 curveto
-28.35 -49.46 -23.8 -42.23 -22.44 -40.37 curveto
-21.08 -38.5 -18.77 -37.68 -15.62 -35.56 curveto
-12.46 -33.43 -9.51 -26.81 -8.66 -21.72 curveto
-7.81 -16.63 -5.69 -11.67 -4.9 -5.51 curveto
-4.1 0.65 -3.53 3.92 -3.21 4.65 curveto
-2.88 5.39 -1.67 14.08 -6.31 5.41 curveto
-10.96 -3.27 -11.82 -7.01 -11.45 3.37 curveto
-11.37 5.53 -6.63 8.27 -6.51 9.54 curveto
-6.39 10.8 -8.89 14.28 -6.1 16.21 curveto
-3.3 18.14 6.68 28.17 8.18 30.76 curveto
9.68 33.35 18.92 43.51 19.38 45.33 curveto
19.84 47.15 23.08 55.54 30.69 54.24 curveto
38.32 52.95 42.05 50.05 43.53 49.22 curveto
45 48.38 50.91 49.18 41.89 45.37 curveto
32.87 41.57 20.15 32.21 17.63 28.5 curveto
15.1 24.78 2.2 19.85 2.87 1.87 curveto
3.12 -4.97 -0.01 -9.79 0.85 -16.78 curveto
1.7 -23.77 3.07 -30.01 0.94 -34.61 curveto
-1.2 -39.22 -6.29 -50.44 -8.44 -54.68 curveto
-10.6 -58.92 -11.67 -59.33 -13.28 -67.51 curveto
-14.89 -75.68 -16.59 -77.92 -19.08 -78.75 curveto
-21.57 -79.59 -23.99 -81.86 -23.99 -81.86 curveto closepath stroke
 1 0 0 setrgbcolor
newpath -23.96 -81.91 moveto
-23.96 -81.91 -33.73 -92.98 -35.88 -97.23 curveto
-38.03 -101.47 -39.69 -104.61 -42.09 -107.24 curveto
-44.49 -109.87 -50.15 -112.29 -56.29 -112.02 curveto
-62.43 -111.76 -68.23 -114.91 -69.55 -117.49 curveto
-70.88 -120.07 -81.23 -122.34 -85.36 -122.53 curveto
-89.5 -122.72 -105.16 -131 -101.26 -121.63 curveto
-97.36 -112.26 -91.42 -104.07 -85.94 -97.87 curveto
-80.45 -91.68 -78.31 -95.36 -73.73 -89.03 curveto
-69.15 -82.7 -56.15 -71.3 -49.92 -69.57 curveto
-43.7 -67.85 -36.01 -62.46 -32.16 -55.97 curveto
-28.31 -49.49 -23.77 -42.26 -22.42 -40.4 curveto
-21.06 -38.53 -18.75 -37.71 -15.61 -35.58 curveto
-12.46 -33.46 -9.52 -26.84 -8.67 -21.76 curveto
-7.82 -16.67 -5.7 -11.71 -4.9 -5.55 curveto
-4.09 0.61 -3.52 3.88 -3.19 4.62 curveto
-2.87 5.36 -1.64 14.06 -6.29 5.38 curveto
-10.94 -3.3 -11.82 -7.04 -11.43 3.35 curveto
-11.34 5.51 -6.6 8.25 -6.48 9.52 curveto
-6.36 10.78 -8.86 14.27 -6.06 16.2 curveto
-3.27 18.13 6.73 28.13 8.24 30.72 curveto
9.74 33.31 19.01 43.47 19.47 45.29 curveto
19.93 47.11 23.15 55.54 30.77 54.27 curveto
38.4 52.99 42.13 50.1 43.61 49.26 curveto
45.09 48.43 51 49.24 41.99 45.41 curveto
32.97 41.58 20.24 32.17 17.71 28.45 curveto
15.17 24.73 2.24 19.82 2.88 1.83 curveto
3.12 -5.01 -0.02 -9.83 0.84 -16.82 curveto
1.7 -23.81 3.06 -30.05 0.93 -34.65 curveto
-1.21 -39.26 -6.28 -50.48 -8.43 -54.72 curveto
-10.58 -58.96 -11.65 -59.37 -13.26 -67.55 curveto
-14.87 -75.73 -16.57 -77.97 -19.05 -78.8 curveto
-21.54 -79.64 -23.96 -81.91 -23.96 -81.91 curveto closepath stroke
 0 0 0 setrgbcolor 0 0.6 dtransform truncate idtransform setlinewidth pop
newpath -195.38794 -271.31445 moveto
-195.97624 -272.11533 -194.82678 -273.38393 -195.64827 -274.1011 curveto
-196.71414 -275.03165 -198.28305 -272.28316 -199.32503 -273.6338 curveto
-200.45581 -275.0996 -197.19774 -275.7732 -197.68271 -277.07356 curveto
-198.22693 -278.53275 -200.07092 -277.03262 -201.1345 -277.51584 curveto
-202.4297 -278.10426 -201.7359 -279.95615 -202.49207 -280.98553 curveto stroke
newpath -202.89551 -278.52776 moveto
-202.77353 -279.32516 -202.29834 -280.1968 -202.49207 -280.98553 curveto
-201.79733 -280.5648 -201.517 -279.61249 -201.03941 -278.96239 curveto
 closepath stroke
newpath -202.89551 -278.52776 moveto
-202.77353 -279.32516 -202.29834 -280.1968 -202.49207 -280.98553 curveto
-201.79733 -280.5648 -201.517 -279.61249 -201.03941 -278.96239 curveto
 closepath fill
 0 1.99252 dtransform truncate idtransform setlinewidth pop
newpath -198.94 -276.15 moveto 0 0 rlineto stroke
 0 0 1 setrgbcolor
newpath -198.94 -276.15 moveto 0 0 rlineto stroke
 1 0 0 setrgbcolor
newpath -198.94 -276.15 moveto 0 0 rlineto stroke
 0 0 0 setrgbcolor 0 0.6 dtransform truncate idtransform setlinewidth pop
newpath -245.46794 -243.50446 moveto
-246.05624 -244.30533 -244.90678 -245.57393 -245.72827 -246.2911 curveto
-246.79414 -247.22165 -248.36305 -244.47316 -249.40503 -245.8238 curveto
-250.53581 -247.2896 -247.27774 -247.9632 -247.76271 -249.26357 curveto
-248.30693 -250.72275 -250.15092 -249.22263 -251.21451 -249.70584 curveto
-252.5097 -250.29427 -251.8159 -252.14615 -252.57207 -253.17554 curveto stroke
newpath -252.97551 -250.71776 moveto
-252.85353 -251.51517 -252.37834 -252.3868 -252.57207 -253.17554 curveto
-251.87733 -252.7548 -251.597 -251.80249 -251.11942 -251.15239 curveto
 closepath stroke
newpath -252.97551 -250.71776 moveto
-252.85353 -251.51517 -252.37834 -252.3868 -252.57207 -253.17554 curveto
-251.87733 -252.7548 -251.597 -251.80249 -251.11942 -251.15239 curveto
 closepath fill
 0 1.99252 dtransform truncate idtransform setlinewidth pop
newpath -249.02 -248.34 moveto 0 0 rlineto stroke
 0 0 1 setrgbcolor
newpath -249.03 -248.34 moveto 0 0 rlineto stroke
 1 0 0 setrgbcolor
newpath -249.04 -248.33 moveto 0 0 rlineto stroke
 0 0 0 setrgbcolor 0 0.6 dtransform truncate idtransform setlinewidth pop
newpath -255.62793 -289.55446 moveto
-256.21623 -290.35533 -255.06677 -291.62393 -255.88826 -292.34111 curveto
-256.95413 -293.27165 -258.52304 -290.52316 -259.56502 -291.87381 curveto
-260.6958 -293.3396 -257.43773 -294.0132 -257.9227 -295.31357 curveto
-258.46692 -296.77275 -260.31091 -295.27263 -261.3745 -295.75584 curveto
-262.6697 -296.34427 -261.97589 -298.19615 -262.73206 -299.22554 curveto stroke
newpath -263.1355 -296.76776 moveto
-263.01352 -297.56517 -262.53833 -298.4368 -262.73206 -299.22554 curveto
-262.03732 -298.80481 -261.75699 -297.8525 -261.2794 -297.2024 curveto
 closepath stroke
newpath -263.1355 -296.76776 moveto
-263.01352 -297.56517 -262.53833 -298.4368 -262.73206 -299.22554 curveto
-262.03732 -298.80481 -261.75699 -297.8525 -261.2794 -297.2024 curveto
 closepath fill
 0 1.99252 dtransform truncate idtransform setlinewidth pop
newpath -259.18 -294.39 moveto 0 0 rlineto stroke
 0 0 1 setrgbcolor
newpath -259.19 -294.39 moveto 0 0 rlineto stroke
 1 0 0 setrgbcolor
newpath -259.2 -294.38 moveto 0 0 rlineto stroke
 0 0 0 setrgbcolor 0 0.6 dtransform truncate idtransform setlinewidth pop
newpath -296.73793 -304.75446 moveto
-297.32623 -305.55533 -296.17677 -306.82393 -296.99826 -307.5411 curveto
-298.06413 -308.47165 -299.63304 -305.72316 -300.67502 -307.0738 curveto
-301.8058 -308.5396 -298.54773 -309.2132 -299.0327 -310.51357 curveto
-299.57692 -311.97275 -301.42091 -310.47263 -302.4845 -310.95584 curveto
-303.7797 -311.54427 -303.08589 -313.39615 -303.84206 -314.42554 curveto stroke
newpath -304.2455 -311.96776 moveto
-304.12352 -312.76517 -303.64833 -313.6368 -303.84206 -314.42554 curveto
-303.14732 -314.0048 -302.86699 -313.05249 -302.3894 -312.40239 curveto
 closepath stroke
newpath -304.2455 -311.96776 moveto
-304.12352 -312.76517 -303.64833 -313.6368 -303.84206 -314.42554 curveto
-303.14732 -314.0048 -302.86699 -313.05249 -302.3894 -312.40239 curveto
 closepath fill
 0 1.99252 dtransform truncate idtransform setlinewidth pop
newpath -300.29 -309.59 moveto 0 0 rlineto stroke
 0 0 1 setrgbcolor
newpath -300.3 -309.59 moveto 0 0 rlineto stroke
 1 0 0 setrgbcolor
newpath -300.32 -309.58 moveto 0 0 rlineto stroke
 0 0 0 setrgbcolor 0 0.6 dtransform truncate idtransform setlinewidth pop
newpath -259.59793 -261.80446 moveto
-260.18623 -262.60533 -259.03677 -263.87393 -259.85826 -264.59111 curveto
-260.92413 -265.52165 -262.49304 -262.77316 -263.53502 -264.12381 curveto
-264.6658 -265.5896 -261.40773 -266.2632 -261.8927 -267.56357 curveto
-262.43692 -269.02275 -264.28091 -267.52263 -265.3445 -268.00584 curveto
-266.6397 -268.59427 -265.94589 -270.44615 -266.70206 -271.47554 curveto stroke
newpath -267.1055 -269.01776 moveto
-266.98352 -269.81517 -266.50833 -270.6868 -266.70206 -271.47554 curveto
-266.00732 -271.05481 -265.72699 -270.1025 -265.2494 -269.4524 curveto
 closepath stroke
newpath -267.1055 -269.01776 moveto
-266.98352 -269.81517 -266.50833 -270.6868 -266.70206 -271.47554 curveto
-266.00732 -271.05481 -265.72699 -270.1025 -265.2494 -269.4524 curveto
 closepath fill
 0 1.99252 dtransform truncate idtransform setlinewidth pop
newpath -263.15 -266.64 moveto 0 0 rlineto stroke
 0 0 1 setrgbcolor
newpath -263.15 -266.64 moveto 0 0 rlineto stroke
 1 0 0 setrgbcolor
newpath -263.16 -266.63 moveto 0 0 rlineto stroke
 0 0 0 setrgbcolor 0 0.6 dtransform truncate idtransform setlinewidth pop
newpath -216.24794 -307.75446 moveto
-216.83624 -308.55533 -215.68678 -309.82393 -216.50827 -310.5411 curveto
-217.57414 -311.47165 -219.14305 -308.72316 -220.18503 -310.0738 curveto
-221.31581 -311.5396 -218.05774 -312.2132 -218.54271 -313.51357 curveto
-219.08693 -314.97275 -220.93092 -313.47263 -221.9945 -313.95584 curveto
-223.2897 -314.54427 -222.5959 -316.39615 -223.35207 -317.42554 curveto stroke
newpath -223.75551 -314.96776 moveto
-223.63353 -315.76517 -223.15834 -316.6368 -223.35207 -317.42554 curveto
-222.65733 -317.0048 -222.377 -316.05249 -221.89941 -315.40239 curveto
 closepath stroke
newpath -223.75551 -314.96776 moveto
-223.63353 -315.76517 -223.15834 -316.6368 -223.35207 -317.42554 curveto
-222.65733 -317.0048 -222.377 -316.05249 -221.89941 -315.40239 curveto
 closepath fill
 0 1.99252 dtransform truncate idtransform setlinewidth pop
newpath -219.8 -312.59 moveto 0 0 rlineto stroke
 0 0 1 setrgbcolor
newpath -219.8 -312.59 moveto 0 0 rlineto stroke
 1 0 0 setrgbcolor
newpath -219.82 -312.6 moveto 0 0 rlineto stroke
 0 0 0 setrgbcolor 0 1.2 dtransform truncate idtransform setlinewidth pop
newpath -85.2 -63.46 moveto
-85.2 -63.46 -93.33 -66.72 -100.43 -68.83 curveto
-107.54 -70.94 -114.84 -76.7 -118.81 -84.48 curveto
-122.77 -92.23 -122.01 -93.28 -126.71 -101.06 curveto
-131.41 -108.84 -140.38 -117.9 -140.38 -117.9 curveto
-140.38 -117.9 -144.02 -117.34 -141.44 -126.6 curveto
-138.86 -135.86 -139.1 -138.4 -141.25 -138.86 curveto
-143.39 -139.31 -147.27 -149.53 -154.38 -135.46 curveto
-161.51 -121.36 -164.99 -107.07 -163.35 -103.4 curveto
-161.71 -99.72 -142.48 -78.62 -140.08 -75.99 curveto
-137.68 -73.35 -129.48 -63.59 -130.02 -59.66 curveto
-130.56 -55.72 -117.59 -55.85 -114.08 -53.9 curveto
-110.56 -51.95 -92.74 -38.92 -82.45 -35.24 curveto
-72.15 -31.55 -67.34 -26.28 -58.76 -24.43 curveto
-50.19 -22.57 -45.44 -24.14 -40.44 -15.25 curveto
-35.45 -6.35 -36.76 -17.23 -36.76 -17.23 curveto
-36.76 -17.23 -37.59 -23.38 -36.65 -28.73 curveto
-35.7 -34.1 -34.99 -41.99 -48.07 -47.99 curveto
-61.15 -54 -60.79 -53.99 -67.94 -55.06 curveto
-75.08 -56.13 -81.44 -58.96 -81.74 -60.41 curveto
-82.03 -61.87 -85.2 -63.46 -85.2 -63.46 curveto closepath stroke
 0 0 1 setrgbcolor 0 0.84 dtransform truncate idtransform setlinewidth pop
newpath -85.2 -63.46 moveto
-85.2 -63.46 -93.33 -66.72 -100.44 -68.83 curveto
-107.54 -70.94 -114.85 -76.69 -118.81 -84.48 curveto
-122.78 -92.23 -122.01 -93.28 -126.71 -101.06 curveto
-131.41 -108.84 -140.38 -117.9 -140.38 -117.9 curveto
-140.38 -117.9 -144.02 -117.34 -141.44 -126.6 curveto
-138.86 -135.86 -139.11 -138.4 -141.25 -138.86 curveto
-143.39 -139.31 -147.24 -149.51 -154.38 -135.46 curveto
-161.48 -121.34 -164.99 -107.08 -163.35 -103.4 curveto
-161.72 -99.72 -142.49 -78.63 -140.08 -75.99 curveto
-137.68 -73.35 -129.49 -63.59 -130.02 -59.66 curveto
-130.56 -55.72 -117.59 -55.85 -114.08 -53.9 curveto
-110.56 -51.95 -92.74 -38.93 -82.45 -35.24 curveto
-72.15 -31.55 -67.34 -26.28 -58.76 -24.43 curveto
-50.19 -22.58 -45.45 -24.15 -40.44 -15.25 curveto
-35.46 -6.35 -36.77 -17.23 -36.77 -17.23 curveto
-36.77 -17.23 -37.59 -23.39 -36.65 -28.74 curveto
-35.7 -34.1 -34.99 -42 -48.07 -47.99 curveto
-61.15 -54.01 -60.79 -53.99 -67.94 -55.07 curveto
-75.09 -56.14 -81.44 -58.96 -81.74 -60.41 curveto
-82.04 -61.87 -85.2 -63.46 -85.2 -63.46 curveto closepath stroke
 1 0 0 setrgbcolor
newpath -85.16 -63.42 moveto
-85.16 -63.42 -93.3 -66.67 -100.41 -68.8 curveto
-107.52 -70.92 -114.83 -76.66 -118.8 -84.41 curveto
-122.78 -92.15 -122.01 -93.2 -126.7 -100.98 curveto
-131.39 -108.76 -140.35 -117.82 -140.35 -117.82 curveto
-140.35 -117.82 -143.98 -117.26 -141.4 -126.51 curveto
-138.82 -135.77 -139.06 -138.3 -141.21 -138.76 curveto
-143.35 -139.21 -147.21 -149.48 -154.33 -135.39 curveto
-161.46 -121.3 -164.99 -107.04 -163.35 -103.36 curveto
-161.72 -99.69 -142.49 -78.63 -140.09 -76 curveto
-137.68 -73.37 -129.47 -63.63 -130.01 -59.69 curveto
-130.55 -55.75 -117.57 -55.88 -114.06 -53.92 curveto
-110.54 -51.96 -92.76 -38.9 -82.47 -35.19 curveto
-72.19 -31.48 -67.38 -26.22 -58.82 -24.39 curveto
-50.25 -22.56 -45.5 -24.15 -40.49 -15.27 curveto
-35.49 -6.39 -36.8 -17.26 -36.8 -17.26 curveto
-36.8 -17.26 -37.6 -23.43 -36.64 -28.79 curveto
-35.67 -34.15 -34.95 -42.05 -48.02 -48.04 curveto
-61.08 -54.04 -60.72 -54.03 -67.88 -55.07 curveto
-75.04 -56.12 -81.4 -58.93 -81.69 -60.38 curveto
-81.99 -61.84 -85.16 -63.42 -85.16 -63.42 curveto closepath stroke
 0 0 0 setrgbcolor 0 1.2 dtransform truncate idtransform setlinewidth pop
newpath -17.11 95.72 moveto
-32.1 92.14 -38.41 88.24 -52.52 81.84 curveto
-66.62 75.44 -88.77 63.98 -93.99 60.14 curveto
-99.22 56.3 -107.96 58.43 -110.85 50.73 curveto
-113.73 43.04 -118.42 35.26 -124.13 33.92 curveto
-129.83 32.59 -145.67 24.68 -152.15 16.81 curveto
-158.64 8.94 -161.71 5.2 -161.71 5.2 curveto
-161.71 5.2 -176.1 -3.39 -170.76 14.17 curveto
-165.43 31.72 -157.69 51.54 -146.01 56.02 curveto
-134.33 60.5 -128.32 70.85 -126.36 75.26 curveto
-124.4 79.67 -109.79 91.13 -95.5 93.58 curveto
-81.22 96.03 -65.79 105.01 -52.05 103.48 curveto
-38.3 101.94 -41.44 107.93 -27.64 114.34 curveto
-13.84 120.75 -10.38 124.15 -7.48 123.56 curveto
-4.57 122.98 -5.83 118.59 -6.48 117.12 curveto
-7.14 115.65 -8.45 112.35 -7.89 107.68 curveto
-7.33 103.02 -8.02 102.27 -8.61 99.36 curveto
-9.21 96.44 -10.62 97.27 -17.11 95.72 curveto closepath stroke
 0 0 1 setrgbcolor 0 0.84 dtransform truncate idtransform setlinewidth pop
newpath -17.12 95.7 moveto
-32.1 92.13 -38.41 88.24 -52.52 81.83 curveto
-66.63 75.43 -88.78 63.97 -94 60.14 curveto
-99.23 56.3 -107.96 58.42 -110.85 50.73 curveto
-113.74 43.03 -118.43 35.26 -124.13 33.92 curveto
-129.83 32.58 -145.67 24.67 -152.16 16.81 curveto
-158.64 8.94 -161.72 5.19 -161.72 5.19 curveto
-161.72 5.19 -176.11 -3.4 -170.76 14.16 curveto
-165.44 31.72 -157.69 51.53 -146.01 56.01 curveto
-134.34 60.49 -128.33 70.84 -126.37 75.25 curveto
-124.41 79.66 -109.8 91.12 -95.51 93.57 curveto
-81.23 96.02 -65.79 105.01 -52.06 103.47 curveto
-38.31 101.93 -41.45 107.92 -27.65 114.33 curveto
-13.85 120.74 -10.4 124.14 -7.5 123.55 curveto
-4.59 122.96 -5.85 118.58 -6.5 117.11 curveto
-7.16 115.63 -8.46 112.33 -7.91 107.66 curveto
-7.35 103 -8.03 102.25 -8.63 99.33 curveto
-9.22 96.42 -10.63 97.24 -17.12 95.7 curveto closepath stroke
 1 0 0 setrgbcolor
newpath -17.05 95.71 moveto
-32.03 92.14 -38.34 88.25 -52.46 81.85 curveto
-66.59 75.44 -88.77 63.99 -94 60.15 curveto
-99.23 56.3 -107.98 58.43 -110.87 50.73 curveto
-113.77 43.03 -118.46 35.25 -124.17 33.91 curveto
-129.87 32.57 -145.73 24.65 -152.22 16.79 curveto
-158.71 8.92 -161.78 5.18 -161.78 5.18 curveto
-161.78 5.18 -176.17 -3.4 -170.84 14.14 curveto
-165.51 31.68 -157.76 51.49 -146.07 55.98 curveto
-134.38 60.48 -128.36 70.84 -126.4 75.25 curveto
-124.44 79.67 -109.82 91.14 -95.52 93.59 curveto
-81.21 96.04 -65.76 105.03 -52 103.49 curveto
-38.24 101.95 -41.39 107.94 -27.63 114.33 curveto
-13.86 120.72 -10.41 124.12 -7.5 123.53 curveto
-4.59 122.94 -5.84 118.56 -6.49 117.09 curveto
-7.14 115.62 -8.44 112.31 -7.86 107.65 curveto
-7.29 103 -7.98 102.24 -8.57 99.33 curveto
-9.16 96.42 -10.56 97.25 -17.05 95.71 curveto closepath stroke
 0 0 0 setrgbcolor 0 1.2 dtransform truncate idtransform setlinewidth pop
newpath -169.13 61.38 moveto
-166.96 61.12 -163.14 60.48 -162.88 58.6 curveto
-162.61 56.72 -162.24 54.58 -165.89 51.62 curveto
-169.54 48.66 -170.68 46.09 -173.08 47.24 curveto
-175.47 48.39 -176.07 51.52 -175.16 53.36 curveto
-174.25 55.21 -173.03 58.05 -172.54 59.15 curveto
-172.05 60.26 -172.55 61.23 -170.39 61.41 curveto
-168.24 61.6 -171.31 61.64 -169.13 61.38 curveto closepath stroke
 0 0 1 setrgbcolor 0 0.84 dtransform truncate idtransform setlinewidth pop
newpath -169.14 61.38 moveto
-166.96 61.12 -163.15 60.48 -162.88 58.6 curveto
-162.61 56.72 -162.25 54.57 -165.89 51.62 curveto
-169.54 48.66 -170.69 46.09 -173.08 47.24 curveto
-175.48 48.39 -176.07 51.52 -175.16 53.36 curveto
-174.26 55.2 -173.04 58.05 -172.55 59.15 curveto
-172.06 60.26 -172.55 61.22 -170.4 61.41 curveto
-168.24 61.6 -171.31 61.64 -169.14 61.38 curveto closepath stroke
 1 0 0 setrgbcolor
newpath -169.19 61.33 moveto
-167.02 61.07 -163.21 60.43 -162.94 58.55 curveto
-162.68 56.67 -162.31 54.53 -165.96 51.57 curveto
-169.61 48.61 -170.75 46.04 -173.15 47.19 curveto
-175.54 48.34 -176.13 51.47 -175.23 53.31 curveto
-174.32 55.15 -173.1 58 -172.61 59.11 curveto
-172.12 60.21 -172.61 61.18 -170.46 61.37 curveto
-168.3 61.55 -171.37 61.59 -169.19 61.33 curveto closepath stroke
 0 0 0 setrgbcolor 0 1.2 dtransform truncate idtransform setlinewidth pop
newpath -170.97 81.73 moveto
-169.79 79.62 -169.12 78.84 -169.5 77.29 curveto
-169.88 75.75 -172.38 71.22 -174.07 70.88 curveto
-175.77 70.53 -177.58 70.81 -178.18 71.95 curveto
-178.77 73.09 -178.94 76.96 -176.94 78.49 curveto
-174.94 80.02 -174.68 82.28 -173.89 82.58 curveto
-173.09 82.89 -171.36 82.52 -171.36 82.52 curveto
-171.36 82.52 -172.14 83.83 -170.97 81.73 curveto closepath stroke
 0 0 1 setrgbcolor 0 0.84 dtransform truncate idtransform setlinewidth pop
newpath -170.97 81.72 moveto
-169.79 79.62 -169.13 78.84 -169.51 77.29 curveto
-169.89 75.74 -172.38 71.22 -174.08 70.88 curveto
-175.77 70.53 -177.59 70.81 -178.18 71.95 curveto
-178.77 73.09 -178.95 76.95 -176.95 78.48 curveto
-174.94 80.01 -174.69 82.28 -173.89 82.58 curveto
-173.09 82.89 -171.37 82.52 -171.37 82.52 curveto
-171.37 82.52 -172.15 83.83 -170.97 81.72 curveto closepath stroke
 1 0 0 setrgbcolor
newpath -171.02 81.7 moveto
-169.84 79.59 -169.17 78.81 -169.56 77.26 curveto
-169.94 75.71 -172.43 71.19 -174.13 70.84 curveto
-175.82 70.49 -177.64 70.77 -178.23 71.91 curveto
-178.82 73.06 -179 76.92 -177 78.46 curveto
-174.99 79.99 -174.74 82.25 -173.94 82.56 curveto
-173.14 82.87 -171.41 82.49 -171.41 82.49 curveto
-171.41 82.49 -172.19 83.81 -171.02 81.7 curveto closepath stroke
 0 0 0 setrgbcolor 0 1.2 dtransform truncate idtransform setlinewidth pop
newpath -139.71 101.67 moveto
-140.54 100.01 -147.35 91.25 -147.93 90.14 curveto
-148.51 89.03 -151.72 84.39 -152.88 84.16 curveto
-154.04 83.93 -154.83 83.35 -154.83 83.35 curveto
-154.83 83.35 -160.22 86.98 -160.25 87.7 curveto
-160.28 88.41 -158.34 95.34 -157.58 96.46 curveto
-156.82 97.57 -150.54 104.16 -149.49 104.66 curveto
-148.43 105.15 -143.27 106.65 -142.63 106.4 curveto
-141.99 106.16 -139.27 105.83 -139.33 103.22 curveto
-139.4 100.61 -138.89 103.33 -139.71 101.67 curveto closepath stroke
 0 0 1 setrgbcolor 0 0.84 dtransform truncate idtransform setlinewidth pop
newpath -139.72 101.67 moveto
-140.55 100.01 -147.36 91.24 -147.94 90.14 curveto
-148.52 89.03 -151.73 84.39 -152.89 84.15 curveto
-154.05 83.92 -154.83 83.35 -154.83 83.35 curveto
-154.83 83.35 -160.22 86.97 -160.25 87.69 curveto
-160.29 88.41 -158.35 95.34 -157.59 96.45 curveto
-156.83 97.57 -150.55 104.15 -149.49 104.65 curveto
-148.43 105.15 -143.28 106.64 -142.64 106.4 curveto
-142 106.16 -139.28 105.83 -139.34 103.22 curveto
-139.4 100.6 -138.9 103.33 -139.72 101.67 curveto closepath stroke
 1 0 0 setrgbcolor
newpath -139.76 101.68 moveto
-140.59 100.02 -147.39 91.24 -147.98 90.13 curveto
-148.56 89.03 -151.77 84.38 -152.93 84.14 curveto
-154.09 83.91 -154.87 83.33 -154.87 83.33 curveto
-154.87 83.33 -160.26 86.96 -160.3 87.68 curveto
-160.33 88.4 -158.39 95.34 -157.63 96.45 curveto
-156.87 97.57 -150.59 104.16 -149.53 104.66 curveto
-148.48 105.16 -143.32 106.65 -142.68 106.41 curveto
-142.04 106.17 -139.32 105.84 -139.38 103.23 curveto
-139.44 100.61 -138.93 103.34 -139.76 101.68 curveto closepath stroke
 0 0 0 setrgbcolor 0 1.2 dtransform truncate idtransform setlinewidth pop
newpath -155.03 81.99 moveto
-154.89 80.83 -153.96 76.28 -157.36 73.88 curveto
-160.77 71.48 -164.77 70.4 -165.83 71.97 curveto
-166.9 73.54 -168.77 76.97 -168.04 78.8 curveto
-167.31 80.63 -163.44 84.49 -162.9 84.61 curveto
-162.36 84.72 -161.22 85.31 -160.22 85.18 curveto
-159.23 85.04 -156.08 83.29 -156.08 83.29 curveto
-156.08 83.29 -155.18 83.15 -155.03 81.99 curveto closepath stroke
 0 0 1 setrgbcolor 0 0.84 dtransform truncate idtransform setlinewidth pop
newpath -155.04 81.99 moveto
-154.9 80.82 -153.97 76.28 -157.37 73.88 curveto
-160.77 71.47 -164.78 70.4 -165.84 71.97 curveto
-166.9 73.54 -168.77 76.96 -168.04 78.8 curveto
-167.32 80.63 -163.44 84.49 -162.91 84.6 curveto
-162.37 84.72 -161.23 85.31 -160.23 85.17 curveto
-159.23 85.04 -156.09 83.29 -156.09 83.29 curveto
-156.09 83.29 -155.18 83.15 -155.04 81.99 curveto closepath stroke
 1 0 0 setrgbcolor
newpath -155.08 81.97 moveto
-154.94 80.81 -154.01 76.26 -157.42 73.85 curveto
-160.82 71.44 -164.83 70.36 -165.89 71.93 curveto
-166.95 73.51 -168.82 76.94 -168.09 78.77 curveto
-167.36 80.61 -163.49 84.48 -162.95 84.59 curveto
-162.41 84.7 -161.27 85.3 -160.27 85.16 curveto
-159.28 85.03 -156.13 83.28 -156.13 83.28 curveto
-156.13 83.28 -155.23 83.14 -155.08 81.97 curveto closepath stroke
 0 0 0 setrgbcolor 0 1.2 dtransform truncate idtransform setlinewidth pop
newpath -217.7 -334.84 moveto
-217.7 -334.84 -215.73 -322.68 -213.9 -319.53 curveto
-212.06 -316.38 -204.62 -301.63 -202.9 -299.93 curveto
-201.17 -298.23 -197.36 -286.89 -191.61 -286.62 curveto
-185.86 -286.36 -180.15 -289.16 -178.63 -290.72 curveto
-177.12 -292.27 -170.82 -296.13 -167.95 -295.82 curveto
-165.08 -295.51 -161.46 -296.06 -158.12 -298.07 curveto
-154.79 -300.08 -140.81 -314.23 -135.87 -311.84 curveto
-130.94 -309.45 -127.94 -304.09 -128.99 -300.9 curveto
-130.03 -297.7 -132.66 -287.37 -131.5 -285.16 curveto
-130.34 -282.94 -127.63 -275.25 -127.09 -271.26 curveto
-126.55 -267.28 -125.44 -252.27 -124.92 -251.71 curveto
-124.41 -251.14 -118.18 -241.5 -117.89 -239.86 curveto
-117.61 -238.23 -114.99 -220.64 -110.51 -216.11 curveto
-107.29 -212.85 -106.51 -209.08 -101.79 -205.8 curveto
-99.53 -204.23 -95.13 -201.71 -92.23 -206.09 curveto
-91.66 -206.94 -77.19 -203.96 -69.96 -204.36 curveto
-62.74 -204.75 -48.34 -212.39 -42.28 -218.97 curveto
-36.21 -225.54 -36.15 -230.77 -30.33 -227.98 curveto
-24.51 -225.19 -11.29 -218.65 -4.12 -217.6 curveto
3.05 -216.56 20.51 -215.76 23.88 -218.48 curveto
27.25 -221.21 31.74 -228.93 38.93 -232.38 curveto
46.11 -235.82 55.97 -234.64 60.4 -225.07 curveto
64.83 -215.5 66.4 -214.52 74.4 -208.2 curveto
82.39 -201.88 87.32 -191.73 92.75 -188.6 curveto
98.18 -185.46 103.35 -180.54 111.09 -180.91 curveto
118.85 -181.29 128.29 -183.03 132.93 -182.1 curveto
137.57 -181.18 151.07 -176.8 155.39 -172.64 curveto
159.71 -168.49 172.57 -161.79 176.27 -159.82 curveto
179.98 -157.86 193.34 -145.9 196.19 -140.9 curveto
199.04 -135.9 206.76 -122.93 214.41 -120.59 curveto
217.24 -119.73 224.75 -110.21 227.09 -106.14 curveto
229.42 -102.06 227.37 -96.57 237.71 -98.26 curveto
248.06 -99.95 258.45 -102.72 263.19 -99.98 curveto
267.93 -97.24 270.94 -96.2 272.76 -96.48 curveto
274.57 -96.76 288.41 -99.91 291.61 -99.05 curveto
294.81 -98.18 302.68 -96.92 306.97 -96.19 curveto
311.26 -95.45 317.38 -99.32 323.52 -95.8 curveto
329.67 -92.28 343.11 -82.85 345.52 -80.58 curveto
347.94 -78.31 359.79 -69.5 358.88 -57.29 curveto
357.96 -45.09 348.96 -17.4 345.96 -10.88 curveto
342.97 -4.35 342.7 1.58 338.1 3.71 curveto
333.5 5.84 325.27 12.49 320.09 11.54 curveto
314.91 10.58 311.36 9.34 308.62 6.16 curveto
305.88 2.98 295.87 1.27 296.02 -1.96 curveto
296.16 -5.2 297.28 -10 292.27 -18.69 curveto
289.34 -23.77 291.82 -28.61 288.5 -30.92 curveto
285.18 -33.23 281.49 -43.3 262.63 -44.7 curveto
251.32 -45.54 254.94 -45.95 249.59 -47.1 curveto
244.24 -48.25 237.98 -45.29 236.31 -44.29 curveto
234.65 -43.28 234.26 -42.58 227.97 -42.87 curveto
221.68 -43.16 217.31 -41.92 215.16 -38.23 curveto
213.02 -34.55 205.09 -26.45 203.76 -24.9 curveto
202.42 -23.34 197.98 -16.7 189.31 -16.19 curveto
180.65 -15.69 172.63 -13.7 171.87 -12.84 curveto
171.11 -11.97 167.08 -2.42 163.13 -2.78 curveto
159.19 -3.14 152.33 -2.73 150.96 7.3 curveto
150.48 10.87 149.33 19.11 149.33 23.07 curveto
149.32 27.04 146.3 25.82 146.36 36.09 curveto
146.42 46.36 141.69 52.09 150.37 55.88 curveto
159.05 59.68 168.62 59.56 174.07 63.04 curveto
179.51 66.51 185.52 73.61 190.91 73.68 curveto
196.31 73.74 204.2 74.46 207.8 74.45 curveto
211.4 74.43 216.27 74.29 217.19 82.25 curveto
218.1 90.21 220.67 97.35 219.36 102.69 curveto
218.04 108.03 214.53 114.35 230.24 129.14 curveto
245.94 143.94 253.75 146.47 254.82 150.66 curveto stroke
 0 0 1 setrgbcolor 0 0.84 dtransform truncate idtransform setlinewidth pop
newpath -217.71 -334.84 moveto
-217.71 -334.84 -215.74 -322.68 -213.9 -319.53 curveto
-212.06 -316.38 -204.63 -301.63 -202.9 -299.93 curveto
-201.18 -298.23 -197.37 -286.89 -191.62 -286.63 curveto
-185.86 -286.36 -180.15 -289.17 -178.64 -290.72 curveto
-177.13 -292.27 -170.83 -296.13 -167.96 -295.82 curveto
-165.09 -295.51 -161.46 -296.06 -158.13 -298.08 curveto
-154.79 -300.09 -140.82 -314.23 -135.88 -311.84 curveto
-130.95 -309.46 -127.95 -304.1 -128.99 -300.9 curveto
-130.04 -297.7 -132.67 -287.37 -131.51 -285.16 curveto
-130.35 -282.94 -127.64 -275.25 -127.1 -271.27 curveto
-126.56 -267.28 -125.44 -252.27 -124.93 -251.71 curveto
-124.41 -251.15 -118.19 -241.5 -117.9 -239.87 curveto
-117.62 -238.23 -115 -220.64 -110.52 -216.11 curveto
-107.29 -212.85 -106.51 -209.08 -101.8 -205.8 curveto
-99.54 -204.23 -95.14 -201.72 -92.23 -206.09 curveto
-91.67 -206.94 -77.19 -203.97 -69.97 -204.36 curveto
-62.74 -204.75 -48.35 -212.39 -42.28 -218.97 curveto
-36.22 -225.54 -36.16 -230.77 -30.34 -227.98 curveto
-24.52 -225.2 -11.29 -218.65 -4.13 -217.61 curveto
3.04 -216.56 20.5 -215.76 23.87 -218.49 curveto
27.24 -221.21 31.73 -228.93 38.92 -232.38 curveto
46.1 -235.83 55.95 -234.65 60.39 -225.07 curveto
64.82 -215.5 66.39 -214.52 74.39 -208.2 curveto
82.37 -201.88 87.31 -191.74 92.74 -188.6 curveto
98.17 -185.47 103.33 -180.54 111.08 -180.92 curveto
118.84 -181.29 128.28 -183.03 132.92 -182.11 curveto
137.56 -181.18 151.05 -176.8 155.37 -172.65 curveto
159.69 -168.49 172.55 -161.79 176.25 -159.83 curveto
179.95 -157.86 193.32 -145.9 196.17 -140.9 curveto
199.02 -135.9 206.74 -122.93 214.38 -120.59 curveto
217.22 -119.73 224.73 -110.21 227.06 -106.14 curveto
229.4 -102.06 227.35 -96.57 237.69 -98.26 curveto
248.04 -99.95 258.43 -102.72 263.17 -99.98 curveto
267.91 -97.24 270.92 -96.2 272.74 -96.48 curveto
274.55 -96.76 288.38 -99.91 291.58 -99.04 curveto
294.78 -98.18 302.65 -96.92 306.94 -96.18 curveto
311.23 -95.45 317.35 -99.32 323.49 -95.8 curveto
329.63 -92.28 343.07 -82.84 345.49 -80.57 curveto
347.9 -78.3 359.75 -69.49 358.83 -57.28 curveto
357.92 -45.08 348.91 -17.39 345.91 -10.86 curveto
342.91 -4.34 342.65 1.59 338.04 3.72 curveto
333.44 5.86 325.22 12.51 320.03 11.55 curveto
314.85 10.6 311.31 9.36 308.57 6.18 curveto
305.83 3 295.82 1.28 295.97 -1.95 curveto
296.12 -5.18 297.24 -9.99 292.23 -18.68 curveto
289.3 -23.77 291.78 -28.6 288.47 -30.91 curveto
285.15 -33.23 281.47 -43.3 262.62 -44.7 curveto
251.31 -45.54 254.93 -45.95 249.58 -47.1 curveto
244.23 -48.25 237.97 -45.29 236.31 -44.29 curveto
234.64 -43.28 234.25 -42.58 227.96 -42.87 curveto
221.66 -43.15 217.28 -41.91 215.13 -38.23 curveto
212.98 -34.55 205.05 -26.45 203.71 -24.89 curveto
202.38 -23.33 197.93 -16.69 189.26 -16.19 curveto
180.6 -15.68 172.58 -13.7 171.82 -12.83 curveto
171.06 -11.97 167.03 -2.42 163.08 -2.78 curveto
159.14 -3.14 152.28 -2.73 150.92 7.3 curveto
150.43 10.87 149.3 19.11 149.29 23.08 curveto
149.29 27.04 146.29 25.82 146.36 36.09 curveto
146.43 46.36 141.67 52.09 150.32 55.9 curveto
158.97 59.71 168.52 59.61 173.95 63.09 curveto
179.38 66.58 185.36 73.69 190.76 73.75 curveto
196.17 73.82 204.06 74.53 207.67 74.51 curveto
211.27 74.5 216.14 74.36 217.05 82.32 curveto
217.95 90.28 220.52 97.42 219.2 102.77 curveto
217.89 108.11 214.36 114.44 230.1 129.21 curveto
245.83 144 253.65 146.52 254.72 150.71 curveto stroke
 1 0 0 setrgbcolor
newpath -217.73 -334.84 moveto
-217.73 -334.84 -215.76 -322.68 -213.92 -319.54 curveto
-212.08 -316.39 -204.64 -301.64 -202.91 -299.94 curveto
-201.19 -298.24 -197.38 -286.89 -191.62 -286.63 curveto
-185.87 -286.37 -180.16 -289.18 -178.64 -290.73 curveto
-177.13 -292.28 -170.83 -296.14 -167.96 -295.83 curveto
-165.09 -295.52 -161.46 -296.08 -158.13 -298.09 curveto
-154.79 -300.1 -140.82 -314.24 -135.88 -311.85 curveto
-130.95 -309.47 -127.95 -304.11 -128.99 -300.91 curveto
-130.04 -297.72 -132.67 -287.38 -131.51 -285.17 curveto
-130.35 -282.95 -127.63 -275.26 -127.09 -271.27 curveto
-126.55 -267.29 -125.43 -252.28 -124.91 -251.72 curveto
-124.4 -251.15 -118.17 -241.5 -117.88 -239.87 curveto
-117.6 -238.23 -114.97 -220.63 -110.49 -216.11 curveto
-107.27 -212.85 -106.49 -209.08 -101.77 -205.8 curveto
-99.51 -204.23 -95.11 -201.72 -92.21 -206.09 curveto
-91.64 -206.94 -77.17 -203.97 -69.94 -204.36 curveto
-62.72 -204.75 -48.32 -212.39 -42.25 -218.96 curveto
-36.19 -225.53 -36.13 -230.75 -30.31 -227.97 curveto
-24.49 -225.18 -11.27 -218.64 -4.11 -217.59 curveto
3.05 -216.55 20.49 -215.76 23.85 -218.49 curveto
27.22 -221.22 31.72 -228.94 38.9 -232.4 curveto
46.08 -235.86 55.94 -234.69 60.37 -225.12 curveto
64.8 -215.55 66.38 -214.58 74.38 -208.27 curveto
82.39 -201.96 87.33 -191.82 92.78 -188.7 curveto
98.22 -185.57 103.4 -180.65 111.17 -181.01 curveto
118.93 -181.38 128.38 -183.12 133.02 -182.19 curveto
137.67 -181.26 151.16 -176.86 155.48 -172.7 curveto
159.79 -168.54 172.64 -161.83 176.34 -159.86 curveto
180.03 -157.89 193.37 -145.94 196.2 -140.94 curveto
199.04 -135.95 206.74 -122.99 214.38 -120.66 curveto
217.22 -119.8 224.72 -110.28 227.06 -106.21 curveto
229.4 -102.14 227.35 -96.65 237.7 -98.34 curveto
248.04 -100.03 258.44 -102.81 263.18 -100.07 curveto
267.92 -97.33 270.94 -96.29 272.75 -96.57 curveto
274.57 -96.85 288.4 -100.01 291.61 -99.14 curveto
294.81 -98.27 302.68 -97.02 306.97 -96.28 curveto
311.27 -95.55 317.39 -99.41 323.53 -95.89 curveto
329.68 -92.37 343.13 -82.93 345.55 -80.66 curveto
347.97 -78.39 359.82 -69.56 358.91 -57.35 curveto
357.99 -45.14 348.99 -17.44 345.99 -10.91 curveto
342.99 -4.38 342.72 1.56 338.12 3.69 curveto
333.52 5.83 325.29 12.48 320.11 11.52 curveto
314.93 10.57 311.38 9.33 308.64 6.14 curveto
305.9 2.95 295.89 1.24 296.03 -2 curveto
296.18 -5.24 297.3 -10.05 292.29 -18.75 curveto
289.36 -23.84 291.84 -28.68 288.52 -30.99 curveto
285.2 -33.3 281.51 -43.38 262.66 -44.78 curveto
251.34 -45.61 254.97 -46.02 249.61 -47.17 curveto
244.26 -48.31 238 -45.35 236.33 -44.35 curveto
234.66 -43.34 234.27 -42.64 227.98 -42.92 curveto
221.68 -43.21 217.3 -41.97 215.15 -38.28 curveto
213 -34.59 205.07 -26.48 203.74 -24.92 curveto
202.41 -23.36 197.96 -16.72 189.29 -16.21 curveto
180.62 -15.7 172.6 -13.72 171.84 -12.85 curveto
171.08 -11.99 167.04 -2.44 163.09 -2.8 curveto
159.15 -3.16 152.28 -2.75 150.92 7.28 curveto
150.44 10.86 149.31 19.1 149.31 23.06 curveto
149.31 27.03 146.3 25.81 146.38 36.08 curveto
146.45 46.36 141.69 52.09 150.34 55.9 curveto
159 59.72 168.55 59.61 173.98 63.1 curveto
179.41 66.59 185.39 73.71 190.8 73.77 curveto
196.2 73.84 204.09 74.56 207.7 74.54 curveto
211.3 74.52 216.17 74.38 217.07 82.35 curveto
217.97 90.32 220.53 97.46 219.21 102.81 curveto
217.89 108.16 214.36 114.48 230.08 129.25 curveto
245.81 144.02 253.63 146.53 254.7 150.73 curveto stroke
 0 0 0 setrgbcolor 0 1.2 dtransform truncate idtransform setlinewidth pop
newpath 57.92 194.02 moveto
54.59 191.89 33.06 190.73 7.18 178.04 curveto
3.71 176.34 -11.47 172.35 -12.75 172.65 curveto
-14.02 172.95 -17.1 173.36 -24.84 169.23 curveto
-32.58 165.1 -32.19 160.43 -40.77 162.93 curveto
-49.35 165.42 -54.91 168.77 -65.88 168.27 curveto
-76.85 167.76 -83.07 165.86 -91.47 168.17 curveto
-99.86 170.49 -105.5 171.67 -107.22 173.93 curveto
-108.95 176.2 -108.76 183.95 -108.76 183.95 curveto
-108.76 183.95 -112 187.94 -112.41 193.16 curveto
-112.83 198.36 -111.4 202.57 -112.22 208.84 curveto
-113.04 215.11 -113.47 224.64 -120.78 222.87 curveto
-128.09 221.09 -133.87 217.59 -135.13 213.39 curveto
-136.38 209.19 -144.73 198.72 -144.49 193.32 curveto
-144.25 187.93 -146.64 177.19 -155.26 176.44 curveto
-163.87 175.69 -162.48 172.87 -163.66 171.19 curveto
-164.85 169.52 -172.89 164.29 -171.95 155.51 curveto
-171.01 146.73 -167.86 144.71 -175.52 138.78 curveto
-183.18 132.85 -179.58 136.98 -184.12 129.75 curveto
-188.66 122.52 -202.51 102.08 -204.13 98.23 curveto
-205.76 94.37 -210.61 78.31 -214.03 74.38 curveto
-217.46 70.44 -222.17 63.03 -226.64 58.33 curveto
-231.12 53.62 -231.01 51.29 -231.19 43.35 curveto
-231.38 35.41 -235.52 27.3 -238.32 21.22 curveto
-241.11 15.15 -248.37 0.03 -249.24 -4.7 curveto
-250.11 -9.43 -256.73 -22.54 -259.79 -26.64 curveto
-262.85 -30.75 -261.42 -34.66 -263.93 -38.92 curveto
-266.44 -43.18 -275.55 -44.85 -274.4 -50.39 curveto
-273.25 -55.93 -272.79 -58.07 -269.14 -63.14 curveto
-265.49 -68.2 -256.97 -69.26 -256.59 -73.75 curveto
-256.2 -78.24 -255.09 -82.87 -263.34 -91.71 curveto
-265.93 -94.49 -280.16 -106.35 -280.97 -112.33 curveto
-281.78 -118.31 -283.18 -123.24 -281.89 -127.87 curveto
-280.6 -132.49 -279.72 -132.09 -278.38 -137.8 curveto
-277.04 -143.5 -280 -145.8 -280.82 -151.42 curveto
-281.65 -157.04 -284.63 -174.83 -289.28 -179.55 curveto
-293.93 -184.27 -297.81 -186.06 -299.91 -191.38 curveto
-302.01 -196.7 -305.98 -208.42 -306.3 -213.3 curveto
-306.62 -218.18 -312.79 -237.01 -314.99 -240.18 curveto
-317.19 -243.34 -330.35 -262.86 -331.89 -268.69 curveto
-333.42 -274.53 -338.92 -280.54 -341.2 -285.87 curveto
-343.48 -291.2 -346.37 -290.97 -350.3 -299.62 curveto
-354.23 -308.26 -355.06 -309.92 -355.06 -309.92 curveto stroke
 0 0 1 setrgbcolor 0 0.84 dtransform truncate idtransform setlinewidth pop
newpath 57.91 194.02 moveto
54.58 191.89 33.04 190.74 7.15 178.05 curveto
3.68 176.35 -11.49 172.35 -12.76 172.65 curveto
-14.04 172.95 -17.12 173.35 -24.85 169.23 curveto
-32.59 165.1 -32.2 160.43 -40.78 162.92 curveto
-49.37 165.42 -54.92 168.76 -65.9 168.26 curveto
-76.87 167.76 -83.09 165.85 -91.48 168.17 curveto
-99.88 170.48 -105.51 171.67 -107.24 173.93 curveto
-108.96 176.19 -108.77 183.95 -108.77 183.95 curveto
-108.77 183.95 -112.02 187.94 -112.43 193.15 curveto
-112.85 198.36 -111.42 202.57 -112.24 208.84 curveto
-113.06 215.11 -113.5 224.64 -120.8 222.87 curveto
-128.11 221.09 -133.9 217.59 -135.15 213.38 curveto
-136.4 209.18 -144.75 198.71 -144.51 193.32 curveto
-144.26 187.92 -146.66 177.18 -155.27 176.43 curveto
-163.88 175.69 -162.49 172.87 -163.68 171.19 curveto
-164.86 169.52 -172.91 164.29 -171.96 155.51 curveto
-171.02 146.72 -167.87 144.71 -175.53 138.78 curveto
-183.18 132.85 -179.59 136.97 -184.12 129.75 curveto
-188.66 122.52 -202.51 102.08 -204.13 98.23 curveto
-205.76 94.37 -210.61 78.31 -214.03 74.37 curveto
-217.46 70.44 -222.17 63.03 -226.65 58.33 curveto
-231.12 53.62 -231.01 51.28 -231.2 43.35 curveto
-231.38 35.41 -235.53 27.3 -238.32 21.22 curveto
-241.12 15.15 -248.37 0.03 -249.24 -4.7 curveto
-250.11 -9.43 -256.74 -22.54 -259.8 -26.65 curveto
-262.86 -30.75 -261.42 -34.66 -263.93 -38.92 curveto
-266.44 -43.18 -275.56 -44.86 -274.41 -50.4 curveto
-273.26 -55.93 -272.8 -58.08 -269.15 -63.14 curveto
-265.49 -68.2 -256.98 -69.26 -256.59 -73.75 curveto
-256.21 -78.24 -255.1 -82.87 -263.35 -91.72 curveto
-265.94 -94.49 -280.17 -106.35 -280.98 -112.33 curveto
-281.79 -118.32 -283.19 -123.24 -281.9 -127.87 curveto
-280.61 -132.5 -279.72 -132.1 -278.38 -137.8 curveto
-277.05 -143.5 -280 -145.8 -280.83 -151.42 curveto
-281.66 -157.05 -284.63 -174.84 -289.29 -179.55 curveto
-293.94 -184.27 -297.82 -186.07 -299.92 -191.39 curveto
-302.02 -196.71 -305.99 -208.42 -306.31 -213.3 curveto
-306.63 -218.18 -312.8 -237.02 -315 -240.18 curveto
-317.2 -243.34 -330.36 -262.86 -331.9 -268.69 curveto
-333.44 -274.53 -338.93 -280.54 -341.21 -285.87 curveto
-343.49 -291.2 -346.38 -290.97 -350.31 -299.62 curveto
-354.25 -308.27 -355.07 -309.92 -355.07 -309.92 curveto stroke
 1 0 0 setrgbcolor
newpath 57.95 194.06 moveto
54.63 191.93 33.06 190.77 7.14 178.07 curveto
3.67 176.37 -11.52 172.36 -12.79 172.66 curveto
-14.07 172.96 -17.15 173.36 -24.89 169.23 curveto
-32.63 165.09 -32.24 160.43 -40.82 162.92 curveto
-49.4 165.41 -54.96 168.77 -65.93 168.27 curveto
-76.9 167.77 -83.12 165.87 -91.51 168.19 curveto
-99.9 170.51 -105.54 171.7 -107.27 173.96 curveto
-108.99 176.23 -108.8 183.98 -108.8 183.98 curveto
-108.8 183.98 -112.05 187.97 -112.46 193.19 curveto
-112.88 198.39 -111.45 202.6 -112.27 208.87 curveto
-113.1 215.14 -113.53 224.67 -120.84 222.9 curveto
-128.15 221.13 -133.93 217.62 -135.18 213.42 curveto
-136.44 209.22 -144.79 198.75 -144.55 193.36 curveto
-144.3 187.96 -146.7 177.22 -155.31 176.47 curveto
-163.93 175.72 -162.54 172.9 -163.72 171.22 curveto
-164.91 169.55 -172.96 164.32 -172.02 155.53 curveto
-171.08 146.75 -167.93 144.73 -175.59 138.79 curveto
-183.25 132.86 -179.65 136.99 -184.19 129.75 curveto
-188.72 122.52 -202.57 102.07 -204.2 98.22 curveto
-205.83 94.36 -210.68 78.28 -214.11 74.34 curveto
-217.53 70.4 -222.24 62.98 -226.71 58.28 curveto
-231.19 53.57 -231.08 51.23 -231.26 43.29 curveto
-231.44 35.36 -235.58 27.24 -238.37 21.17 curveto
-241.15 15.1 -248.4 -0.01 -249.27 -4.73 curveto
-250.13 -9.45 -256.75 -22.55 -259.8 -26.65 curveto
-262.86 -30.75 -261.42 -34.65 -263.93 -38.91 curveto
-266.44 -43.17 -275.56 -44.84 -274.4 -50.38 curveto
-273.25 -55.91 -272.8 -58.05 -269.14 -63.11 curveto
-265.49 -68.17 -256.97 -69.23 -256.59 -73.71 curveto
-256.21 -78.2 -255.1 -82.84 -263.34 -91.68 curveto
-265.93 -94.45 -280.16 -106.31 -280.97 -112.3 curveto
-281.78 -118.28 -283.18 -123.21 -281.89 -127.83 curveto
-280.59 -132.46 -279.71 -132.06 -278.37 -137.77 curveto
-277.03 -143.47 -279.99 -145.77 -280.82 -151.39 curveto
-281.64 -157.01 -284.62 -174.81 -289.27 -179.52 curveto
-293.92 -184.24 -297.81 -186.04 -299.91 -191.36 curveto
-302.01 -196.68 -305.98 -208.39 -306.3 -213.27 curveto
-306.62 -218.15 -312.8 -236.99 -314.99 -240.15 curveto
-317.19 -243.31 -330.36 -262.83 -331.9 -268.66 curveto
-333.44 -274.5 -338.93 -280.52 -341.21 -285.84 curveto
-343.49 -291.17 -346.39 -290.94 -350.32 -299.59 curveto
-354.25 -308.24 -355.08 -309.9 -355.08 -309.9 curveto stroke
 0 0 0 setrgbcolor
newpath -366.04993 -419.67 moveto
-361.25 -395.67 lineto
-356.45007 -419.67 lineto
 closepath fill
 0 1.99252 dtransform truncate idtransform setlinewidth pop
newpath -361.25 -407.67 moveto 0 0 rlineto stroke
 0 0 1 setrgbcolor
newpath -361.26 -407.68 moveto 0 0 rlineto stroke
 1 0 0 setrgbcolor
newpath -361.28 -407.66 moveto 0 0 rlineto stroke
 0 0 0 setrgbcolor 0 0.6 dtransform truncate idtransform setlinewidth pop
newpath -148.04135 -143.32945 moveto
-147.09425 -144.17628 -145.71414 -145.52203 -143.92078 -147.55835 curveto
 stroke
newpath -145.9206 -145.38484 moveto
-144.19467 -143.71721 lineto stroke
newpath -141.38753 -150.57376 moveto
-140.29602 -151.92982 -139.09961 -153.48615 -137.80092 -155.26804 curveto
 stroke
newpath -139.56606 -152.89973 moveto
-137.6626 -151.43802 lineto stroke
newpath -135.51376 -158.47466 moveto
-134.02397 -160.55565 -132.86516 -162.04164 -131.94098 -163.17805 curveto
 stroke
newpath -133.76384 -160.85393 moveto
-131.85635 -159.39746 lineto stroke
newpath -129.43542 -166.21652 moveto
-128.43025 -167.53247 -127.9077 -168.63924 -127.06447 -171.58304 curveto stroke
newpath -127.98346 -168.77708 moveto
-125.75873 -167.87692 lineto stroke
newpath -126.04001 -175.38606 moveto
-125.84485 -176.13562 -125.63278 -176.95703 -125.4 -177.86 curveto
-125.09244 -179.05626 -124.83463 -180.13705 -124.61482 -181.11932 curveto
 stroke
newpath -125.30138 -178.2463 moveto
-122.97458 -177.65822 lineto stroke
newpath -123.83397 -184.9794 moveto
-123.3585 -187.59222 -123.14696 -189.25114 -122.64157 -190.76004 curveto stroke
newpath -123.32199 -187.8885 moveto
-120.96129 -187.45619 lineto stroke
newpath -120.78963 -194.21852 moveto
-119.92157 -195.41783 -118.71327 -196.8326 -116.97961 -198.72966 curveto stroke
newpath -118.94426 -196.52304 moveto
-117.11606 -194.9682 lineto stroke
newpath -114.30058 -201.6161 moveto
-112.79639 -203.22916 -111.4598 -204.66678 -110.27673 -205.9426 curveto stroke
newpath -112.28708 -203.77802 moveto
-110.52943 -202.14383 lineto stroke
newpath -107.60252 -208.83365 moveto
-105.75194 -210.83986 -104.45755 -212.2561 -103.61005 -213.18846 curveto stroke
newpath -105.60237 -211.00769 moveto
-103.83379 -209.3854 lineto stroke
 0 0 1 setrgbcolor 0 0.42001 dtransform truncate idtransform setlinewidth pop
newpath -149.57 -142.09 moveto
-149.57 -142.09 -144.93 -145.13 -136.24 -157.45 curveto
-127.57 -169.85 -129.13 -163.43 -125.41 -177.86 curveto
-121.69 -192.29 -125.22 -189.93 -115.37 -200.47 curveto
-105.52 -211.02 -102.3 -214.66 -102.3 -214.66 curveto stroke
 1 0 0 setrgbcolor
newpath -149.53 -142.02 moveto
-149.53 -142.02 -144.88 -145.05 -136.21 -157.45 curveto
-127.54 -169.85 -129.1 -163.43 -125.38 -177.86 curveto
-121.66 -192.29 -125.19 -189.92 -115.34 -200.47 curveto
-105.5 -211.02 -102.27 -214.65 -102.27 -214.65 curveto stroke
 0 0 0 setrgbcolor
newpath 359.38004 308.07 moveto
364.17996 308.07 lineto stroke
 0.42001 0 dtransform exch truncate exch idtransform pop setlinewidth
newpath 361.78 305.67004 moveto
361.78 310.46997 lineto stroke
 0.00002 0.00018 0.00008 setrgbcolor
newpath 362.74002 308.07 moveto
362.74002 308.32463 362.63885 308.5688 362.45882 308.74883 curveto
362.2788 308.92886 362.03462 309.03003 361.78 309.03003 curveto
361.52538 309.03003 361.2812 308.92886 361.10118 308.74883 curveto
360.92114 308.5688 360.81998 308.32463 360.81998 308.07 curveto
360.81998 307.81538 360.92114 307.57121 361.10118 307.39119 curveto
361.2812 307.21115 361.52538 307.10999 361.78 307.10999 curveto
362.03462 307.10999 362.2788 307.21115 362.45882 307.39119 curveto
362.63885 307.57121 362.74002 307.81538 362.74002 308.07 curveto closepath fill
 0 0 0 setrgbcolor 0 0.6 dtransform truncate idtransform setlinewidth pop
newpath 361.78 308.07 moveto 0 0 rlineto stroke
 1 0 0 setrgbcolor 0 3.98505 dtransform truncate idtransform setlinewidth pop
newpath 361.72 308.05 moveto 0 0 rlineto stroke
 0 0 0 setrgbcolor 0 0.42001 dtransform truncate idtransform setlinewidth pop
newpath -71.00996 31.51 moveto
-66.21004 31.51 lineto stroke
 0.42001 0 dtransform exch truncate exch idtransform pop setlinewidth
newpath -68.61 29.11003 moveto
-68.61 33.90996 lineto stroke
 0.00002 0.00018 0.00008 setrgbcolor
newpath -67.64998 31.51 moveto
-67.64998 31.76462 -67.75114 32.00879 -67.93118 32.18881 curveto
-68.1112 32.36885 -68.35538 32.47002 -68.61 32.47002 curveto
-68.86462 32.47002 -69.1088 32.36885 -69.28882 32.18881 curveto
-69.46886 32.00879 -69.57002 31.76462 -69.57002 31.51 curveto
-69.57002 31.25537 -69.46886 31.0112 -69.28882 30.83118 curveto
-69.1088 30.65114 -68.86462 30.54997 -68.61 30.54997 curveto
-68.35538 30.54997 -68.1112 30.65114 -67.93118 30.83118 curveto
-67.75114 31.0112 -67.64998 31.25537 -67.64998 31.51 curveto closepath fill
 0 0 0 setrgbcolor 0 0.6 dtransform truncate idtransform setlinewidth pop
newpath -68.61 31.51 moveto 0 0 rlineto stroke
 1 0 0 setrgbcolor 0 3.98505 dtransform truncate idtransform setlinewidth pop
newpath -68.6 31.47 moveto 0 0 rlineto stroke
 0 0 0 setrgbcolor 0 0.42001 dtransform truncate idtransform setlinewidth pop
newpath -44.48996 82.68 moveto
-39.69003 82.68 lineto stroke
 0.42001 0 dtransform exch truncate exch idtransform pop setlinewidth
newpath -42.09 80.28003 moveto
-42.09 85.07996 lineto stroke
 0.00002 0.00018 0.00008 setrgbcolor
newpath -41.12997 82.68 moveto
-41.12997 82.93462 -41.23114 83.17879 -41.41118 83.35881 curveto
-41.5912 83.53885 -41.83537 83.64001 -42.09 83.64001 curveto
-42.34462 83.64001 -42.58879 83.53885 -42.76881 83.35881 curveto
-42.94885 83.17879 -43.05002 82.93462 -43.05002 82.68 curveto
-43.05002 82.42537 -42.94885 82.1812 -42.76881 82.00117 curveto
-42.58879 81.82114 -42.34462 81.71997 -42.09 81.71997 curveto
-41.83537 81.71997 -41.5912 81.82114 -41.41118 82.00117 curveto
-41.23114 82.1812 -41.12997 82.42537 -41.12997 82.68 curveto closepath fill
 0 0 0 setrgbcolor 0 0.6 dtransform truncate idtransform setlinewidth pop
newpath -42.09 82.68 moveto 0 0 rlineto stroke
 1 0 0 setrgbcolor 0 3.98505 dtransform truncate idtransform setlinewidth pop
newpath -42.02 82.69 moveto 0 0 rlineto stroke
 0 0 0 setrgbcolor 0 0.42001 dtransform truncate idtransform setlinewidth pop
newpath 30.57004 66.21 moveto
35.36996 66.21 lineto stroke
 0.42001 0 dtransform exch truncate exch idtransform pop setlinewidth
newpath 32.97 63.81004 moveto
32.97 68.60997 lineto stroke
 0.00002 0.00018 0.00008 setrgbcolor
newpath 33.93002 66.21 moveto
33.93002 66.46463 33.82886 66.7088 33.64882 66.88882 curveto
33.4688 67.06886 33.22462 67.17003 32.97 67.17003 curveto
32.71538 67.17003 32.4712 67.06886 32.29118 66.88882 curveto
32.11115 66.7088 32.00998 66.46463 32.00998 66.21 curveto
32.00998 65.95538 32.11115 65.71121 32.29118 65.53119 curveto
32.4712 65.35115 32.71538 65.24998 32.97 65.24998 curveto
33.22462 65.24998 33.4688 65.35115 33.64882 65.53119 curveto
33.82886 65.71121 33.93002 65.95538 33.93002 66.21 curveto closepath fill
 0 0 0 setrgbcolor 0 0.6 dtransform truncate idtransform setlinewidth pop
newpath 32.97 66.21 moveto 0 0 rlineto stroke
 1 0 0 setrgbcolor 0 3.98505 dtransform truncate idtransform setlinewidth pop
newpath 33.05 66.23 moveto 0 0 rlineto stroke
 0 0 0 setrgbcolor 0 0.42001 dtransform truncate idtransform setlinewidth pop
newpath 28.73004 145.15 moveto
33.52997 145.15 lineto stroke
 0.42001 0 dtransform exch truncate exch idtransform pop setlinewidth
newpath 31.13 142.75003 moveto
31.13 147.54996 lineto stroke
 0.00002 0.00018 0.00008 setrgbcolor
newpath 32.09003 145.15 moveto
32.09003 145.40462 31.98886 145.64879 31.80882 145.82881 curveto
31.6288 146.00885 31.38463 146.11002 31.13 146.11002 curveto
30.87538 146.11002 30.63121 146.00885 30.45119 145.82881 curveto
30.27115 145.64879 30.16998 145.40462 30.16998 145.15 curveto
30.16998 144.89537 30.27115 144.6512 30.45119 144.47118 curveto
30.63121 144.29114 30.87538 144.18997 31.13 144.18997 curveto
31.38463 144.18997 31.6288 144.29114 31.80882 144.47118 curveto
31.98886 144.6512 32.09003 144.89537 32.09003 145.15 curveto closepath fill
 0 0 0 setrgbcolor 0 0.6 dtransform truncate idtransform setlinewidth pop
newpath 31.13 145.15 moveto 0 0 rlineto stroke
 1 0 0 setrgbcolor 0 3.98505 dtransform truncate idtransform setlinewidth pop
newpath 31.11 145.14 moveto 0 0 rlineto stroke
 0 0 0 setrgbcolor 0 0.42001 dtransform truncate idtransform setlinewidth pop
newpath 31.00003 66.78 moveto
35.79996 66.78 lineto stroke
 0.42001 0 dtransform exch truncate exch idtransform pop setlinewidth
newpath 33.4 64.38004 moveto
33.4 69.17996 lineto stroke
 0.00002 0.00018 0.00008 setrgbcolor
newpath 34.36002 66.78 moveto
34.36002 67.03462 34.25885 67.2788 34.07881 67.45882 curveto
33.89879 67.63885 33.65462 67.74002 33.4 67.74002 curveto
33.14537 67.74002 32.9012 67.63885 32.72118 67.45882 curveto
32.54114 67.2788 32.43997 67.03462 32.43997 66.78 curveto
32.43997 66.52538 32.54114 66.2812 32.72118 66.10118 curveto
32.9012 65.92114 33.14537 65.81998 33.4 65.81998 curveto
33.65462 65.81998 33.89879 65.92114 34.07881 66.10118 curveto
34.25885 66.2812 34.36002 66.52538 34.36002 66.78 curveto closepath fill
 0 0 0 setrgbcolor 0 0.6 dtransform truncate idtransform setlinewidth pop
newpath 33.4 66.78 moveto 0 0 rlineto stroke
 1 0 0 setrgbcolor 0 3.98505 dtransform truncate idtransform setlinewidth pop
newpath 33.44 66.85 moveto 0 0 rlineto stroke
 0 0 0 setrgbcolor 0 0.42001 dtransform truncate idtransform setlinewidth pop
newpath 10.95004 50.8 moveto
15.74997 50.8 lineto stroke
 0.42001 0 dtransform exch truncate exch idtransform pop setlinewidth
newpath 13.35 48.40004 moveto
13.35 53.19997 lineto stroke
 0.00002 0.00018 0.00008 setrgbcolor
newpath 14.31003 50.8 moveto
14.31003 51.05463 14.20886 51.2988 14.02882 51.47882 curveto
13.8488 51.65886 13.60463 51.76003 13.35 51.76003 curveto
13.09538 51.76003 12.85121 51.65886 12.67119 51.47882 curveto
12.49115 51.2988 12.38998 51.05463 12.38998 50.8 curveto
12.38998 50.54538 12.49115 50.30121 12.67119 50.12119 curveto
12.85121 49.94115 13.09538 49.83998 13.35 49.83998 curveto
13.60463 49.83998 13.8488 49.94115 14.02882 50.12119 curveto
14.20886 50.30121 14.31003 50.54538 14.31003 50.8 curveto closepath fill
 0 0 0 setrgbcolor 0 0.6 dtransform truncate idtransform setlinewidth pop
newpath 13.35 50.8 moveto 0 0 rlineto stroke
 1 0 0 setrgbcolor 0 3.98505 dtransform truncate idtransform setlinewidth pop
newpath 13.43 50.75 moveto 0 0 rlineto stroke
 0 0 0 setrgbcolor 0 0.42001 dtransform truncate idtransform setlinewidth pop
newpath -30.92996 11.03 moveto
-26.13004 11.03 lineto stroke
 0.42001 0 dtransform exch truncate exch idtransform pop setlinewidth
newpath -28.53 8.63004 moveto
-28.53 13.42996 lineto stroke
 0.00002 0.00018 0.00008 setrgbcolor
newpath -27.56998 11.03 moveto
-27.56998 11.28462 -27.67114 11.5288 -27.85118 11.70882 curveto
-28.0312 11.88885 -28.27538 11.99002 -28.53 11.99002 curveto
-28.78462 11.99002 -29.0288 11.88885 -29.20882 11.70882 curveto
-29.38885 11.5288 -29.49002 11.28462 -29.49002 11.03 curveto
-29.49002 10.77538 -29.38885 10.5312 -29.20882 10.35118 curveto
-29.0288 10.17114 -28.78462 10.06998 -28.53 10.06998 curveto
-28.27538 10.06998 -28.0312 10.17114 -27.85118 10.35118 curveto
-27.67114 10.5312 -27.56998 10.77538 -27.56998 11.03 curveto closepath fill
 0 0 0 setrgbcolor 0 0.6 dtransform truncate idtransform setlinewidth pop
newpath -28.53 11.03 moveto 0 0 rlineto stroke
 1 0 0 setrgbcolor 0 3.98505 dtransform truncate idtransform setlinewidth pop
newpath -28.49 11.06 moveto 0 0 rlineto stroke
 0 0 0 setrgbcolor 0 0.42001 dtransform truncate idtransform setlinewidth pop
newpath -141.57996 -128.74 moveto
-136.78003 -128.74 lineto stroke
 0.42001 0 dtransform exch truncate exch idtransform pop setlinewidth
newpath -139.18 -131.13997 moveto
-139.18 -126.34004 lineto stroke
 0.00002 0.00018 0.00008 setrgbcolor
newpath -138.21997 -128.74 moveto
-138.21997 -128.48538 -138.32114 -128.24121 -138.50117 -128.06119 curveto
-138.6812 -127.88115 -138.92537 -127.77998 -139.18 -127.77998 curveto
-139.43462 -127.77998 -139.67879 -127.88115 -139.85881 -128.06119 curveto
-140.03885 -128.24121 -140.14001 -128.48538 -140.14001 -128.74 curveto
-140.14001 -128.99463 -140.03885 -129.2388 -139.85881 -129.41882 curveto
-139.67879 -129.59886 -139.43462 -129.70003 -139.18 -129.70003 curveto
-138.92537 -129.70003 -138.6812 -129.59886 -138.50117 -129.41882 curveto
-138.32114 -129.2388 -138.21997 -128.99463 -138.21997 -128.74 curveto closepath
 fill
 0 0 0 setrgbcolor 0 0.6 dtransform truncate idtransform setlinewidth pop
newpath -139.18 -128.74 moveto 0 0 rlineto stroke
 1 0 0 setrgbcolor 0 3.98505 dtransform truncate idtransform setlinewidth pop
newpath -139.15 -128.65 moveto 0 0 rlineto stroke
 0 0 0 setrgbcolor 0 0.42001 dtransform truncate idtransform setlinewidth pop
newpath -102.48996 -96.5 moveto
-97.69003 -96.5 lineto stroke
 0.42001 0 dtransform exch truncate exch idtransform pop setlinewidth
newpath -100.09 -98.89996 moveto
-100.09 -94.10004 lineto stroke
 0.00002 0.00018 0.00008 setrgbcolor
newpath -99.12997 -96.5 moveto
-99.12997 -96.24538 -99.23114 -96.0012 -99.41118 -95.82118 curveto
-99.5912 -95.64114 -99.83537 -95.53998 -100.09 -95.53998 curveto
-100.34462 -95.53998 -100.58879 -95.64114 -100.76881 -95.82118 curveto
-100.94885 -96.0012 -101.05002 -96.24538 -101.05002 -96.5 curveto
-101.05002 -96.75462 -100.94885 -96.9988 -100.76881 -97.17882 curveto
-100.58879 -97.35886 -100.34462 -97.46002 -100.09 -97.46002 curveto
-99.83537 -97.46002 -99.5912 -97.35886 -99.41118 -97.17882 curveto
-99.23114 -96.9988 -99.12997 -96.75462 -99.12997 -96.5 curveto closepath fill
 0 0 0 setrgbcolor 0 0.6 dtransform truncate idtransform setlinewidth pop
newpath -100.09 -96.5 moveto 0 0 rlineto stroke
 1 0 0 setrgbcolor 0 3.98505 dtransform truncate idtransform setlinewidth pop
newpath -100.11 -96.42 moveto 0 0 rlineto stroke
 0 0 0 setrgbcolor 0 0.42001 dtransform truncate idtransform setlinewidth pop
newpath -51.93996 -61.79 moveto
-47.14003 -61.79 lineto stroke
 0.42001 0 dtransform exch truncate exch idtransform pop setlinewidth
newpath -49.54 -64.18996 moveto
-49.54 -59.39003 lineto stroke
 0.00002 0.00018 0.00008 setrgbcolor
newpath -48.57997 -61.79 moveto
-48.57997 -61.53537 -48.68114 -61.2912 -48.86118 -61.11118 curveto
-49.0412 -60.93114 -49.28537 -60.82997 -49.54 -60.82997 curveto
-49.79462 -60.82997 -50.03879 -60.93114 -50.21881 -61.11118 curveto
-50.39885 -61.2912 -50.50002 -61.53537 -50.50002 -61.79 curveto
-50.50002 -62.04462 -50.39885 -62.28879 -50.21881 -62.46881 curveto
-50.03879 -62.64885 -49.79462 -62.75002 -49.54 -62.75002 curveto
-49.28537 -62.75002 -49.0412 -62.64885 -48.86118 -62.46881 curveto
-48.68114 -62.28879 -48.57997 -62.04462 -48.57997 -61.79 curveto closepath fill
 0 0 0 setrgbcolor 0 0.6 dtransform truncate idtransform setlinewidth pop
newpath -49.54 -61.79 moveto 0 0 rlineto stroke
 1 0 0 setrgbcolor 0 3.98505 dtransform truncate idtransform setlinewidth pop
newpath -49.47 -61.83 moveto 0 0 rlineto stroke
 0 0 0 setrgbcolor 0 0.42001 dtransform truncate idtransform setlinewidth pop
newpath -14.19997 -15.38 moveto
-9.40004 -15.38 lineto stroke
 0.42001 0 dtransform exch truncate exch idtransform pop setlinewidth
newpath -11.8 -17.77997 moveto
-11.8 -12.98004 lineto stroke
 0.00002 0.00018 0.00008 setrgbcolor
newpath -10.83998 -15.38 moveto
-10.83998 -15.12538 -10.94115 -14.88121 -11.12119 -14.70119 curveto
-11.30121 -14.52115 -11.54538 -14.41998 -11.8 -14.41998 curveto
-12.05463 -14.41998 -12.2988 -14.52115 -12.47882 -14.70119 curveto
-12.65886 -14.88121 -12.76003 -15.12538 -12.76003 -15.38 curveto
-12.76003 -15.63463 -12.65886 -15.8788 -12.47882 -16.05882 curveto
-12.2988 -16.23886 -12.05463 -16.34003 -11.8 -16.34003 curveto
-11.54538 -16.34003 -11.30121 -16.23886 -11.12119 -16.05882 curveto
-10.94115 -15.8788 -10.83998 -15.63463 -10.83998 -15.38 curveto closepath fill
 0 0 0 setrgbcolor 0 0.6 dtransform truncate idtransform setlinewidth pop
newpath -11.8 -15.38 moveto 0 0 rlineto stroke
 1 0 0 setrgbcolor 0 3.98505 dtransform truncate idtransform setlinewidth pop
newpath -11.81 -15.42 moveto 0 0 rlineto stroke
 0 0 0 setrgbcolor 0 0.42001 dtransform truncate idtransform setlinewidth pop
newpath -40.80997 2.9 moveto
-36.01004 2.9 lineto stroke
 0.42001 0 dtransform exch truncate exch idtransform pop setlinewidth
newpath -38.41 0.50003 moveto
-38.41 5.29996 lineto stroke
 0.00002 0.00018 0.00008 setrgbcolor
newpath -37.44998 2.9 moveto
-37.44998 3.15462 -37.55115 3.39879 -37.73119 3.57881 curveto
-37.91121 3.75885 -38.15538 3.86002 -38.41 3.86002 curveto
-38.66463 3.86002 -38.9088 3.75885 -39.08882 3.57881 curveto
-39.26886 3.39879 -39.37003 3.15462 -39.37003 2.9 curveto
-39.37003 2.64537 -39.26886 2.4012 -39.08882 2.22118 curveto
-38.9088 2.04114 -38.66463 1.93997 -38.41 1.93997 curveto
-38.15538 1.93997 -37.91121 2.04114 -37.73119 2.22118 curveto
-37.55115 2.4012 -37.44998 2.64537 -37.44998 2.9 curveto closepath fill
 0 0 0 setrgbcolor 0 0.6 dtransform truncate idtransform setlinewidth pop
newpath -38.41 2.9 moveto 0 0 rlineto stroke
 1 0 0 setrgbcolor 0 3.98505 dtransform truncate idtransform setlinewidth pop
newpath -38.44 2.86 moveto 0 0 rlineto stroke
 0 0 0 setrgbcolor 0 0.42001 dtransform truncate idtransform setlinewidth pop
newpath -74.22997 -27.47 moveto
-69.43004 -27.47 lineto stroke
 0.42001 0 dtransform exch truncate exch idtransform pop setlinewidth
newpath -71.83 -29.86996 moveto
-71.83 -25.07004 lineto stroke
 0.00002 0.00018 0.00008 setrgbcolor
newpath -70.86998 -27.47 moveto
-70.86998 -27.21538 -70.97115 -26.9712 -71.15118 -26.79118 curveto
-71.3312 -26.61115 -71.57538 -26.50998 -71.83 -26.50998 curveto
-72.08463 -26.50998 -72.3288 -26.61115 -72.50882 -26.79118 curveto
-72.68886 -26.9712 -72.79002 -27.21538 -72.79002 -27.47 curveto
-72.79002 -27.72462 -72.68886 -27.9688 -72.50882 -28.14882 curveto
-72.3288 -28.32886 -72.08463 -28.43002 -71.83 -28.43002 curveto
-71.57538 -28.43002 -71.3312 -28.32886 -71.15118 -28.14882 curveto
-70.97115 -27.9688 -70.86998 -27.72462 -70.86998 -27.47 curveto closepath fill
 0 0 0 setrgbcolor 0 0.6 dtransform truncate idtransform setlinewidth pop
newpath -71.83 -27.47 moveto 0 0 rlineto stroke
 1 0 0 setrgbcolor 0 3.98505 dtransform truncate idtransform setlinewidth pop
newpath -71.88 -27.4 moveto 0 0 rlineto stroke
 0 0 0 setrgbcolor 0 0.42001 dtransform truncate idtransform setlinewidth pop
newpath -125.69997 -51.7 moveto
-120.90004 -51.7 lineto stroke
 0.42001 0 dtransform exch truncate exch idtransform pop setlinewidth
newpath -123.3 -54.09996 moveto
-123.3 -49.30003 lineto stroke
 0.00002 0.00018 0.00008 setrgbcolor
newpath -122.33998 -51.7 moveto
-122.33998 -51.44537 -122.44115 -51.2012 -122.62119 -51.02118 curveto
-122.80121 -50.84114 -123.04538 -50.73997 -123.3 -50.73997 curveto
-123.55463 -50.73997 -123.7988 -50.84114 -123.97882 -51.02118 curveto
-124.15886 -51.2012 -124.26003 -51.44537 -124.26003 -51.7 curveto
-124.26003 -51.95462 -124.15886 -52.19879 -123.97882 -52.37881 curveto
-123.7988 -52.55885 -123.55463 -52.66002 -123.3 -52.66002 curveto
-123.04538 -52.66002 -122.80121 -52.55885 -122.62119 -52.37881 curveto
-122.44115 -52.19879 -122.33998 -51.95462 -122.33998 -51.7 curveto closepath
 fill
 0 0 0 setrgbcolor 0 0.6 dtransform truncate idtransform setlinewidth pop
newpath -123.3 -51.7 moveto 0 0 rlineto stroke
 1 0 0 setrgbcolor 0 3.98505 dtransform truncate idtransform setlinewidth pop
newpath -123.28 -51.73 moveto 0 0 rlineto stroke
 0 0 0 setrgbcolor 0 0.42001 dtransform truncate idtransform setlinewidth pop
newpath -188.53996 -67.48 moveto
-183.74004 -67.48 lineto stroke
 0.42001 0 dtransform exch truncate exch idtransform pop setlinewidth
newpath -186.14 -69.87996 moveto
-186.14 -65.08003 lineto stroke
 0.00002 0.00018 0.00008 setrgbcolor
newpath -185.17998 -67.48 moveto
-185.17998 -67.22537 -185.28114 -66.9812 -185.46118 -66.80118 curveto
-185.6412 -66.62114 -185.88538 -66.51997 -186.14 -66.51997 curveto
-186.39462 -66.51997 -186.6388 -66.62114 -186.81882 -66.80118 curveto
-186.99886 -66.9812 -187.10002 -67.22537 -187.10002 -67.48 curveto
-187.10002 -67.73462 -186.99886 -67.97879 -186.81882 -68.15881 curveto
-186.6388 -68.33885 -186.39462 -68.44002 -186.14 -68.44002 curveto
-185.88538 -68.44002 -185.6412 -68.33885 -185.46118 -68.15881 curveto
-185.28114 -67.97879 -185.17998 -67.73462 -185.17998 -67.48 curveto closepath
 fill
 0 0 0 setrgbcolor 0 0.6 dtransform truncate idtransform setlinewidth pop
newpath -186.14 -67.48 moveto 0 0 rlineto stroke
 1 0 0 setrgbcolor 0 3.98505 dtransform truncate idtransform setlinewidth pop
newpath -186.15 -67.44 moveto 0 0 rlineto stroke
 0 0 0 setrgbcolor 0 0.42001 dtransform truncate idtransform setlinewidth pop
newpath -184.47997 -243.78 moveto
-179.68004 -243.78 lineto stroke
 0.42001 0 dtransform exch truncate exch idtransform pop setlinewidth
newpath -182.08 -246.17996 moveto
-182.08 -241.38004 lineto stroke
 0.00002 0.00018 0.00008 setrgbcolor
newpath -181.11998 -243.78 moveto
-181.11998 -243.52538 -181.22115 -243.2812 -181.40118 -243.10118 curveto
-181.5812 -242.92114 -181.82538 -242.81998 -182.08 -242.81998 curveto
-182.33463 -242.81998 -182.5788 -242.92114 -182.75882 -243.10118 curveto
-182.93886 -243.2812 -183.04002 -243.52538 -183.04002 -243.78 curveto
-183.04002 -244.03462 -182.93886 -244.2788 -182.75882 -244.45882 curveto
-182.5788 -244.63885 -182.33463 -244.74002 -182.08 -244.74002 curveto
-181.82538 -244.74002 -181.5812 -244.63885 -181.40118 -244.45882 curveto
-181.22115 -244.2788 -181.11998 -244.03462 -181.11998 -243.78 curveto closepath
 fill
 0 0 0 setrgbcolor 0 0.6 dtransform truncate idtransform setlinewidth pop
newpath -182.08 -243.78 moveto 0 0 rlineto stroke
 1 0 0 setrgbcolor 0 3.98505 dtransform truncate idtransform setlinewidth pop
newpath -182.08 -243.78 moveto 0 0 rlineto stroke
 0 0 0 setrgbcolor 0 0.42001 dtransform truncate idtransform setlinewidth pop
newpath -171.70996 -166.04 moveto
-166.91003 -166.04 lineto stroke
 0.42001 0 dtransform exch truncate exch idtransform pop setlinewidth
newpath -169.31 -168.43996 moveto
-169.31 -163.64003 lineto stroke
 0.00002 0.00018 0.00008 setrgbcolor
newpath -168.34998 -166.04 moveto
-168.34998 -165.78537 -168.45114 -165.5412 -168.63118 -165.36118 curveto
-168.8112 -165.18114 -169.05537 -165.07997 -169.31 -165.07997 curveto
-169.56462 -165.07997 -169.80879 -165.18114 -169.98882 -165.36118 curveto
-170.16885 -165.5412 -170.27002 -165.78537 -170.27002 -166.04 curveto
-170.27002 -166.29462 -170.16885 -166.53879 -169.98882 -166.71881 curveto
-169.80879 -166.89885 -169.56462 -167.00002 -169.31 -167.00002 curveto
-169.05537 -167.00002 -168.8112 -166.89885 -168.63118 -166.71881 curveto
-168.45114 -166.53879 -168.34998 -166.29462 -168.34998 -166.04 curveto
 closepath fill
 0 0 0 setrgbcolor 0 0.6 dtransform truncate idtransform setlinewidth pop
newpath -169.31 -166.04 moveto 0 0 rlineto stroke
 1 0 0 setrgbcolor 0 3.98505 dtransform truncate idtransform setlinewidth pop
newpath -169.28 -166.04 moveto 0 0 rlineto stroke
 0 0 0 setrgbcolor 0 0.42001 dtransform truncate idtransform setlinewidth pop
newpath -33.25996 -188.26 moveto
-28.46004 -188.26 lineto stroke
 0.42001 0 dtransform exch truncate exch idtransform pop setlinewidth
newpath -30.86 -190.65996 moveto
-30.86 -185.86003 lineto stroke
 0.00002 0.00018 0.00008 setrgbcolor
newpath -29.89998 -188.26 moveto
-29.89998 -188.00537 -30.00114 -187.7612 -30.18118 -187.58118 curveto
-30.3612 -187.40114 -30.60538 -187.29997 -30.86 -187.29997 curveto
-31.11462 -187.29997 -31.3588 -187.40114 -31.53882 -187.58118 curveto
-31.71886 -187.7612 -31.82002 -188.00537 -31.82002 -188.26 curveto
-31.82002 -188.51462 -31.71886 -188.75879 -31.53882 -188.93881 curveto
-31.3588 -189.11885 -31.11462 -189.22002 -30.86 -189.22002 curveto
-30.60538 -189.22002 -30.3612 -189.11885 -30.18118 -188.93881 curveto
-30.00114 -188.75879 -29.89998 -188.51462 -29.89998 -188.26 curveto closepath
 fill
 0 0 0 setrgbcolor 0 0.6 dtransform truncate idtransform setlinewidth pop
newpath -30.86 -188.26 moveto 0 0 rlineto stroke
 1 0 0 setrgbcolor 0 3.98505 dtransform truncate idtransform setlinewidth pop
newpath -30.84 -188.26 moveto 0 0 rlineto stroke
 0 0 0 setrgbcolor 0 0.42001 dtransform truncate idtransform setlinewidth pop
newpath 24.81004 -155.21 moveto
29.60997 -155.21 lineto stroke
 0.42001 0 dtransform exch truncate exch idtransform pop setlinewidth
newpath 27.21 -157.60997 moveto
27.21 -152.81004 lineto stroke
 0.00002 0.00018 0.00008 setrgbcolor
newpath 28.17003 -155.21 moveto
28.17003 -154.95538 28.06886 -154.71121 27.88882 -154.53119 curveto
27.7088 -154.35115 27.46463 -154.24998 27.21 -154.24998 curveto
26.95538 -154.24998 26.71121 -154.35115 26.53119 -154.53119 curveto
26.35115 -154.71121 26.24998 -154.95538 26.24998 -155.21 curveto
26.24998 -155.46463 26.35115 -155.7088 26.53119 -155.88882 curveto
26.71121 -156.06886 26.95538 -156.17003 27.21 -156.17003 curveto
27.46463 -156.17003 27.7088 -156.06886 27.88882 -155.88882 curveto
28.06886 -155.7088 28.17003 -155.46463 28.17003 -155.21 curveto closepath fill
 0 0 0 setrgbcolor 0 0.6 dtransform truncate idtransform setlinewidth pop
newpath 27.21 -155.21 moveto 0 0 rlineto stroke
 1 0 0 setrgbcolor 0 3.98505 dtransform truncate idtransform setlinewidth pop
newpath 27.19 -155.2 moveto 0 0 rlineto stroke
 0 0 0 setrgbcolor 0 0.42001 dtransform truncate idtransform setlinewidth pop
newpath 97.92004 -123.63 moveto
102.71997 -123.63 lineto stroke
 0.42001 0 dtransform exch truncate exch idtransform pop setlinewidth
newpath 100.32 -126.02997 moveto
100.32 -121.23004 lineto stroke
 0.00002 0.00018 0.00008 setrgbcolor
newpath 101.28003 -123.63 moveto
101.28003 -123.37538 101.17886 -123.13121 100.99883 -122.95119 curveto
100.8188 -122.77115 100.57463 -122.66998 100.32 -122.66998 curveto
100.06538 -122.66998 99.82121 -122.77115 99.64119 -122.95119 curveto
99.46115 -123.13121 99.35999 -123.37538 99.35999 -123.63 curveto
99.35999 -123.88463 99.46115 -124.1288 99.64119 -124.30882 curveto
99.82121 -124.48886 100.06538 -124.59003 100.32 -124.59003 curveto
100.57463 -124.59003 100.8188 -124.48886 100.99883 -124.30882 curveto
101.17886 -124.1288 101.28003 -123.88463 101.28003 -123.63 curveto closepath
 fill
 0 0 0 setrgbcolor 0 0.6 dtransform truncate idtransform setlinewidth pop
newpath 100.32 -123.63 moveto 0 0 rlineto stroke
 1 0 0 setrgbcolor 0 3.98505 dtransform truncate idtransform setlinewidth pop
newpath 100.38 -123.69 moveto 0 0 rlineto stroke
 0 0 0 setrgbcolor 0 0.42001 dtransform truncate idtransform setlinewidth pop
newpath 244.97003 -57.37 moveto
249.76996 -57.37 lineto stroke
 0.42001 0 dtransform exch truncate exch idtransform pop setlinewidth
newpath 247.37 -59.76996 moveto
247.37 -54.97003 lineto stroke
 0.00002 0.00018 0.00008 setrgbcolor
newpath 248.33002 -57.37 moveto
248.33002 -57.11537 248.22885 -56.8712 248.04881 -56.69118 curveto
247.86879 -56.51114 247.62462 -56.40997 247.37 -56.40997 curveto
247.11537 -56.40997 246.8712 -56.51114 246.69118 -56.69118 curveto
246.51114 -56.8712 246.40997 -57.11537 246.40997 -57.37 curveto
246.40997 -57.62462 246.51114 -57.86879 246.69118 -58.04881 curveto
246.8712 -58.22885 247.11537 -58.33002 247.37 -58.33002 curveto
247.62462 -58.33002 247.86879 -58.22885 248.04881 -58.04881 curveto
248.22885 -57.86879 248.33002 -57.62462 248.33002 -57.37 curveto closepath fill
 0 0 0 setrgbcolor 0 0.6 dtransform truncate idtransform setlinewidth pop
newpath 247.37 -57.37 moveto 0 0 rlineto stroke
 1 0 0 setrgbcolor 0 3.98505 dtransform truncate idtransform setlinewidth pop
newpath 247.39 -57.44 moveto 0 0 rlineto stroke
 0 0 0 setrgbcolor 0 0.42001 dtransform truncate idtransform setlinewidth pop
newpath 93.10004 -97.72 moveto
97.89996 -97.72 lineto stroke
 0.42001 0 dtransform exch truncate exch idtransform pop setlinewidth
newpath 95.5 -100.11996 moveto
95.5 -95.32004 lineto stroke
 0.00002 0.00018 0.00008 setrgbcolor
newpath 96.46002 -97.72 moveto
96.46002 -97.46538 96.35886 -97.2212 96.17882 -97.04118 curveto
95.9988 -96.86115 95.75462 -96.75998 95.5 -96.75998 curveto
95.24538 -96.75998 95.0012 -96.86115 94.82118 -97.04118 curveto
94.64114 -97.2212 94.53998 -97.46538 94.53998 -97.72 curveto
94.53998 -97.97462 94.64114 -98.2188 94.82118 -98.39882 curveto
95.0012 -98.57886 95.24538 -98.68002 95.5 -98.68002 curveto
95.75462 -98.68002 95.9988 -98.57886 96.17882 -98.39882 curveto
96.35886 -98.2188 96.46002 -97.97462 96.46002 -97.72 curveto closepath fill
 0 0 0 setrgbcolor 0 0.6 dtransform truncate idtransform setlinewidth pop
newpath 95.5 -97.72 moveto 0 0 rlineto stroke
 1 0 0 setrgbcolor 0 3.98505 dtransform truncate idtransform setlinewidth pop
newpath 95.45 -97.74 moveto 0 0 rlineto stroke
 0 0 0 setrgbcolor 0 0.42001 dtransform truncate idtransform setlinewidth pop
newpath 141.68004 42 moveto
146.47997 42 lineto stroke
 0.42001 0 dtransform exch truncate exch idtransform pop setlinewidth
newpath 144.08 39.60004 moveto
144.08 44.39996 lineto stroke
 0.00002 0.00018 0.00008 setrgbcolor
newpath 145.04002 42 moveto
145.04002 42.25462 144.93886 42.4988 144.75882 42.67882 curveto
144.5788 42.85886 144.33463 42.96002 144.08 42.96002 curveto
143.82538 42.96002 143.5812 42.85886 143.40118 42.67882 curveto
143.22115 42.4988 143.11998 42.25462 143.11998 42 curveto
143.11998 41.74538 143.22115 41.5012 143.40118 41.32118 curveto
143.5812 41.14114 143.82538 41.03998 144.08 41.03998 curveto
144.33463 41.03998 144.5788 41.14114 144.75882 41.32118 curveto
144.93886 41.5012 145.04002 41.74538 145.04002 42 curveto closepath fill
 0 0 0 setrgbcolor 0 0.6 dtransform truncate idtransform setlinewidth pop
newpath 144.08 42 moveto 0 0 rlineto stroke
 1 0 0 setrgbcolor 0 3.98505 dtransform truncate idtransform setlinewidth pop
newpath 144.1 42 moveto 0 0 rlineto stroke
 0 0 0 setrgbcolor 0 0.42001 dtransform truncate idtransform setlinewidth pop
newpath 123.87004 113.34 moveto
128.66997 113.34 lineto stroke
 0.42001 0 dtransform exch truncate exch idtransform pop setlinewidth
newpath 126.27 110.94003 moveto
126.27 115.73996 lineto stroke
 0.00002 0.00018 0.00008 setrgbcolor
newpath 127.23003 113.34 moveto
127.23003 113.59462 127.12886 113.83879 126.94882 114.01881 curveto
126.7688 114.19885 126.52463 114.30002 126.27 114.30002 curveto
126.01538 114.30002 125.77121 114.19885 125.59119 114.01881 curveto
125.41115 113.83879 125.30998 113.59462 125.30998 113.34 curveto
125.30998 113.08537 125.41115 112.8412 125.59119 112.66118 curveto
125.77121 112.48114 126.01538 112.37997 126.27 112.37997 curveto
126.52463 112.37997 126.7688 112.48114 126.94882 112.66118 curveto
127.12886 112.8412 127.23003 113.08537 127.23003 113.34 curveto closepath fill
 0 0 0 setrgbcolor 0 0.6 dtransform truncate idtransform setlinewidth pop
newpath 126.27 113.34 moveto 0 0 rlineto stroke
 1 0 0 setrgbcolor 0 3.98505 dtransform truncate idtransform setlinewidth pop
newpath 126.24 113.38 moveto 0 0 rlineto stroke
 0 0 0 setrgbcolor 0 0.42001 dtransform truncate idtransform setlinewidth pop
newpath 161.16003 188.8 moveto
165.95996 188.8 lineto stroke
 0.42001 0 dtransform exch truncate exch idtransform pop setlinewidth
newpath 163.56 186.40004 moveto
163.56 191.19997 lineto stroke
 0.00002 0.00018 0.00008 setrgbcolor
newpath 164.52002 188.8 moveto
164.52002 189.05463 164.41885 189.2988 164.23882 189.47882 curveto
164.05879 189.65886 163.81462 189.76003 163.56 189.76003 curveto
163.30537 189.76003 163.0612 189.65886 162.88118 189.47882 curveto
162.70114 189.2988 162.59998 189.05463 162.59998 188.8 curveto
162.59998 188.54538 162.70114 188.30121 162.88118 188.12119 curveto
163.0612 187.94115 163.30537 187.83998 163.56 187.83998 curveto
163.81462 187.83998 164.05879 187.94115 164.23882 188.12119 curveto
164.41885 188.30121 164.52002 188.54538 164.52002 188.8 curveto closepath fill
 0 0 0 setrgbcolor 0 0.6 dtransform truncate idtransform setlinewidth pop
newpath 163.56 188.8 moveto 0 0 rlineto stroke
 1 0 0 setrgbcolor 0 3.98505 dtransform truncate idtransform setlinewidth pop
newpath 163.56 188.86 moveto 0 0 rlineto stroke
 0 0 0 setrgbcolor 0 0.42001 dtransform truncate idtransform setlinewidth pop
newpath 202.18004 232.11 moveto
206.97997 232.11 lineto stroke
 0.42001 0 dtransform exch truncate exch idtransform pop setlinewidth
newpath 204.58 229.71004 moveto
204.58 234.50996 lineto stroke
 0.00002 0.00018 0.00008 setrgbcolor
newpath 205.54002 232.11 moveto
205.54002 232.36462 205.43886 232.6088 205.25882 232.78882 curveto
205.0788 232.96886 204.83463 233.07002 204.58 233.07002 curveto
204.32538 233.07002 204.0812 232.96886 203.90118 232.78882 curveto
203.72115 232.6088 203.61998 232.36462 203.61998 232.11 curveto
203.61998 231.85538 203.72115 231.6112 203.90118 231.43118 curveto
204.0812 231.25114 204.32538 231.14998 204.58 231.14998 curveto
204.83463 231.14998 205.0788 231.25114 205.25882 231.43118 curveto
205.43886 231.6112 205.54002 231.85538 205.54002 232.11 curveto closepath fill
 0 0 0 setrgbcolor 0 0.6 dtransform truncate idtransform setlinewidth pop
newpath 204.58 232.11 moveto 0 0 rlineto stroke
 1 0 0 setrgbcolor 0 3.98505 dtransform truncate idtransform setlinewidth pop
newpath 204.59 232.06 moveto 0 0 rlineto stroke
 0 0 0 setrgbcolor 0 0.42001 dtransform truncate idtransform setlinewidth pop
newpath 301.83003 255.89 moveto
306.62996 255.89 lineto stroke
 0.42001 0 dtransform exch truncate exch idtransform pop setlinewidth
newpath 304.23 253.49004 moveto
304.23 258.28996 lineto stroke
 0.00002 0.00018 0.00008 setrgbcolor
newpath 305.19002 255.89 moveto
305.19002 256.14462 305.08885 256.3888 304.90881 256.56882 curveto
304.72879 256.74886 304.48462 256.85002 304.23 256.85002 curveto
303.97537 256.85002 303.7312 256.74886 303.55118 256.56882 curveto
303.37114 256.3888 303.26997 256.14462 303.26997 255.89 curveto
303.26997 255.63538 303.37114 255.3912 303.55118 255.21118 curveto
303.7312 255.03114 303.97537 254.92998 304.23 254.92998 curveto
304.48462 254.92998 304.72879 255.03114 304.90881 255.21118 curveto
305.08885 255.3912 305.19002 255.63538 305.19002 255.89 curveto closepath fill
 0 0 0 setrgbcolor 0 0.6 dtransform truncate idtransform setlinewidth pop
newpath 304.23 255.89 moveto 0 0 rlineto stroke
 1 0 0 setrgbcolor 0 3.98505 dtransform truncate idtransform setlinewidth pop
newpath 304.19 255.87 moveto 0 0 rlineto stroke
 0 0 0 setrgbcolor 0 0.42001 dtransform truncate idtransform setlinewidth pop
newpath 50.35004 184.95 moveto
55.14996 184.95 lineto stroke
 0.42001 0 dtransform exch truncate exch idtransform pop setlinewidth
newpath 52.75 182.55003 moveto
52.75 187.34996 lineto stroke
 0.00002 0.00018 0.00008 setrgbcolor
newpath 53.71002 184.95 moveto
53.71002 185.20462 53.60886 185.44879 53.42882 185.62881 curveto
53.2488 185.80885 53.00462 185.91002 52.75 185.91002 curveto
52.49538 185.91002 52.2512 185.80885 52.07118 185.62881 curveto
51.89114 185.44879 51.78998 185.20462 51.78998 184.95 curveto
51.78998 184.69537 51.89114 184.4512 52.07118 184.27118 curveto
52.2512 184.09114 52.49538 183.98997 52.75 183.98997 curveto
53.00462 183.98997 53.2488 184.09114 53.42882 184.27118 curveto
53.60886 184.4512 53.71002 184.69537 53.71002 184.95 curveto closepath fill
 0 0 0 setrgbcolor 0 0.6 dtransform truncate idtransform setlinewidth pop
newpath 52.75 184.95 moveto 0 0 rlineto stroke
 1 0 0 setrgbcolor 0 3.98505 dtransform truncate idtransform setlinewidth pop
newpath 52.79 184.98 moveto 0 0 rlineto stroke
 0 0 0 setrgbcolor 0 0.42001 dtransform truncate idtransform setlinewidth pop
newpath -29.68996 150.08 moveto
-24.89003 150.08 lineto stroke
 0.42001 0 dtransform exch truncate exch idtransform pop setlinewidth
newpath -27.29 147.68004 moveto
-27.29 152.47997 lineto stroke
 0.00002 0.00018 0.00008 setrgbcolor
newpath -26.32997 150.08 moveto
-26.32997 150.33463 -26.43114 150.5788 -26.61118 150.75882 curveto
-26.7912 150.93886 -27.03537 151.04002 -27.29 151.04002 curveto
-27.54462 151.04002 -27.78879 150.93886 -27.96881 150.75882 curveto
-28.14885 150.5788 -28.25002 150.33463 -28.25002 150.08 curveto
-28.25002 149.82538 -28.14885 149.5812 -27.96881 149.40118 curveto
-27.78879 149.22115 -27.54462 149.11998 -27.29 149.11998 curveto
-27.03537 149.11998 -26.7912 149.22115 -26.61118 149.40118 curveto
-26.43114 149.5812 -26.32997 149.82538 -26.32997 150.08 curveto closepath fill
 0 0 0 setrgbcolor 0 0.6 dtransform truncate idtransform setlinewidth pop
newpath -27.29 150.08 moveto 0 0 rlineto stroke
 1 0 0 setrgbcolor 0 3.98505 dtransform truncate idtransform setlinewidth pop
newpath -27.33 150.07 moveto 0 0 rlineto stroke
 0 0 0 setrgbcolor 0 0.42001 dtransform truncate idtransform setlinewidth pop
newpath -118.61996 135.57 moveto
-113.82004 135.57 lineto stroke
 0.42001 0 dtransform exch truncate exch idtransform pop setlinewidth
newpath -116.22 133.17004 moveto
-116.22 137.96997 lineto stroke
 0.00002 0.00018 0.00008 setrgbcolor
newpath -115.25998 135.57 moveto
-115.25998 135.82463 -115.36115 136.0688 -115.54118 136.24883 curveto
-115.7212 136.42886 -115.96538 136.53003 -116.22 136.53003 curveto
-116.47462 136.53003 -116.7188 136.42886 -116.89882 136.24883 curveto
-117.07886 136.0688 -117.18002 135.82463 -117.18002 135.57 curveto
-117.18002 135.31538 -117.07886 135.07121 -116.89882 134.89119 curveto
-116.7188 134.71115 -116.47462 134.60999 -116.22 134.60999 curveto
-115.96538 134.60999 -115.7212 134.71115 -115.54118 134.89119 curveto
-115.36115 135.07121 -115.25998 135.31538 -115.25998 135.57 curveto closepath
 fill
 0 0 0 setrgbcolor 0 0.6 dtransform truncate idtransform setlinewidth pop
newpath -116.22 135.57 moveto 0 0 rlineto stroke
 1 0 0 setrgbcolor 0 3.98505 dtransform truncate idtransform setlinewidth pop
newpath -116.26 135.6 moveto 0 0 rlineto stroke
 0 0 0 setrgbcolor 0 0.42001 dtransform truncate idtransform setlinewidth pop
newpath -197.79996 100 moveto
-193.00003 100 lineto stroke
 0.42001 0 dtransform exch truncate exch idtransform pop setlinewidth
newpath -195.4 97.60004 moveto
-195.4 102.39996 lineto stroke
 0.00002 0.00018 0.00008 setrgbcolor
newpath -194.43997 100 moveto
-194.43997 100.25462 -194.54114 100.4988 -194.72118 100.67882 curveto
-194.9012 100.85886 -195.14537 100.96002 -195.4 100.96002 curveto
-195.65462 100.96002 -195.89879 100.85886 -196.07881 100.67882 curveto
-196.25885 100.4988 -196.36002 100.25462 -196.36002 100 curveto
-196.36002 99.74538 -196.25885 99.5012 -196.07881 99.32118 curveto
-195.89879 99.14114 -195.65462 99.03998 -195.4 99.03998 curveto
-195.14537 99.03998 -194.9012 99.14114 -194.72118 99.32118 curveto
-194.54114 99.5012 -194.43997 99.74538 -194.43997 100 curveto closepath fill
 0 0 0 setrgbcolor 0 0.6 dtransform truncate idtransform setlinewidth pop
newpath -195.4 100 moveto 0 0 rlineto stroke
 1 0 0 setrgbcolor 0 3.98505 dtransform truncate idtransform setlinewidth pop
newpath -195.46 99.99 moveto 0 0 rlineto stroke
 0 0 0 setrgbcolor 0 0.42001 dtransform truncate idtransform setlinewidth pop
newpath -198.06996 45.43 moveto
-193.27003 45.43 lineto stroke
 0.42001 0 dtransform exch truncate exch idtransform pop setlinewidth
newpath -195.67 43.03003 moveto
-195.67 47.82996 lineto stroke
 0.00002 0.00018 0.00008 setrgbcolor
newpath -194.70998 45.43 moveto
-194.70998 45.68462 -194.81114 45.92879 -194.99118 46.10881 curveto
-195.1712 46.28885 -195.41537 46.39001 -195.67 46.39001 curveto
-195.92462 46.39001 -196.1688 46.28885 -196.34882 46.10881 curveto
-196.52885 45.92879 -196.63002 45.68462 -196.63002 45.43 curveto
-196.63002 45.17537 -196.52885 44.9312 -196.34882 44.75117 curveto
-196.1688 44.57114 -195.92462 44.46997 -195.67 44.46997 curveto
-195.41537 44.46997 -195.1712 44.57114 -194.99118 44.75117 curveto
-194.81114 44.9312 -194.70998 45.17537 -194.70998 45.43 curveto closepath fill
 0 0 0 setrgbcolor 0 0.6 dtransform truncate idtransform setlinewidth pop
newpath -195.67 45.43 moveto 0 0 rlineto stroke
 1 0 0 setrgbcolor 0 3.98505 dtransform truncate idtransform setlinewidth pop
newpath -195.74 45.38 moveto 0 0 rlineto stroke
 0 0 0 setrgbcolor 0 0.42001 dtransform truncate idtransform setlinewidth pop
newpath -201.45996 15.79 moveto
-196.66003 15.79 lineto stroke
 0.42001 0 dtransform exch truncate exch idtransform pop setlinewidth
newpath -199.06 13.39003 moveto
-199.06 18.18996 lineto stroke
 0.00002 0.00018 0.00008 setrgbcolor
newpath -198.09998 15.79 moveto
-198.09998 16.04462 -198.20114 16.28879 -198.38118 16.46881 curveto
-198.5612 16.64885 -198.80537 16.75002 -199.06 16.75002 curveto
-199.31462 16.75002 -199.55879 16.64885 -199.73882 16.46881 curveto
-199.91885 16.28879 -200.02002 16.04462 -200.02002 15.79 curveto
-200.02002 15.53537 -199.91885 15.2912 -199.73882 15.11118 curveto
-199.55879 14.93114 -199.31462 14.82997 -199.06 14.82997 curveto
-198.80537 14.82997 -198.5612 14.93114 -198.38118 15.11118 curveto
-198.20114 15.2912 -198.09998 15.53537 -198.09998 15.79 curveto closepath fill
 0 0 0 setrgbcolor 0 0.6 dtransform truncate idtransform setlinewidth pop
newpath -199.06 15.79 moveto 0 0 rlineto stroke
 1 0 0 setrgbcolor 0 3.98505 dtransform truncate idtransform setlinewidth pop
newpath -199.12 15.76 moveto 0 0 rlineto stroke
 0 0 0 setrgbcolor 0 0.42001 dtransform truncate idtransform setlinewidth pop
newpath -188.53996 -67.48 moveto
-183.74004 -67.48 lineto stroke
 0.42001 0 dtransform exch truncate exch idtransform pop setlinewidth
newpath -186.14 -69.87996 moveto
-186.14 -65.08003 lineto stroke
 0.00002 0.00018 0.00008 setrgbcolor
newpath -185.17998 -67.48 moveto
-185.17998 -67.22537 -185.28114 -66.9812 -185.46118 -66.80118 curveto
-185.6412 -66.62114 -185.88538 -66.51997 -186.14 -66.51997 curveto
-186.39462 -66.51997 -186.6388 -66.62114 -186.81882 -66.80118 curveto
-186.99886 -66.9812 -187.10002 -67.22537 -187.10002 -67.48 curveto
-187.10002 -67.73462 -186.99886 -67.97879 -186.81882 -68.15881 curveto
-186.6388 -68.33885 -186.39462 -68.44002 -186.14 -68.44002 curveto
-185.88538 -68.44002 -185.6412 -68.33885 -185.46118 -68.15881 curveto
-185.28114 -67.97879 -185.17998 -67.73462 -185.17998 -67.48 curveto closepath
 fill
 0 0 0 setrgbcolor 0 0.6 dtransform truncate idtransform setlinewidth pop
newpath -186.14 -67.48 moveto 0 0 rlineto stroke
 1 0 0 setrgbcolor 0 3.98505 dtransform truncate idtransform setlinewidth pop
newpath -186.15 -67.44 moveto 0 0 rlineto stroke
 0 0 0 setrgbcolor
newpath 125.44 115.21 moveto 0 0 rlineto stroke
newpath 125.15 116 moveto 0 0 rlineto stroke
 0 0.84 dtransform truncate idtransform setlinewidth pop
newpath 125.44 115.21 moveto
125.15 116 lineto stroke
 1 0.85 0 setrgbcolor 0 3.98505
 dtransform truncate idtransform setlinewidth pop
newpath 125.31 115.31 moveto 0 0 rlineto stroke
newpath 124.91 116.19 moveto 0 0 rlineto stroke
 0.84 0 dtransform exch truncate exch idtransform pop setlinewidth
newpath 125.44 115.21 moveto
125.31 115.31 lineto
124.91 116.19 lineto
125.15 116 lineto stroke
showpage
%%EOF
