%!PS
%%BoundingBox: -432 -554 427 557 
%%HiResBoundingBox: -431.63 -553.81001 426.84744 556.43001 
%%Creator: MetaPost 1.209
%%CreationDate: 2017.03.03:1418
%%Pages: 1
%%BeginProlog
%%EndProlog
%%Page: 1 1
 0 0 0 setrgbcolor 0 0.42001 dtransform truncate idtransform setlinewidth pop
 [] 0 setdash 1 setlinecap 1 setlinejoin 10 setmiterlimit
newpath 161.72 -527.15 moveto
168.74 -505.24 167.87 -454.33 166.17 -446.74 curveto
164.45 -439.04 147.03 -405.03 142.86 -398.48 curveto
138.65 -391.88 140.41 -367.41 139.97 -350.73 curveto
139.51 -333.64 158.64 -292.85 158.64 -292.85 curveto
158.64 -292.85 166.53 -239.59 167.88 -230.4 curveto
169.22 -221.33 162.1 -224.01 159.81 -224.04 curveto
157.52 -224.08 151.54 -229.06 149.79 -236.98 curveto
148.06 -244.78 137.48 -250.62 137.48 -250.62 curveto
137.48 -250.62 137.82 -245.78 138.06 -243.29 curveto
138.34 -240.29 141.08 -226.46 136.37 -212.33 curveto
133.3 -203.13 138.67 -184.73 140.7 -180.1 curveto
142.77 -175.38 155.83 -139.55 156.19 -136.5 curveto
156.55 -133.44 166.05 -111.92 164.74 -106.1 curveto
163.75 -101.73 164.82 -97.64 166.25 -94.72 curveto
167.7 -91.78 173.65 -73.06 164.55 -56.3 curveto
155.54 -39.72 155.25 -8.2 158.48 3.7 curveto
161.68 15.49 166.17 27.46 168.33 40.81 curveto
173.06 69.99 164.48 77.18 159.49 82.47 curveto
154.51 87.76 146.68 104.06 146.25 108.57 curveto
145.81 113.11 139.33 134.42 129.86 147.61 curveto
120.42 160.75 128.56 179.22 133.32 190.03 curveto
137.64 199.84 132.74 200.8 144.07 204.63 curveto
155.47 208.48 154.81 218.14 159.97 244.17 curveto
165.04 269.75 181.77 265.5 191.27 265.07 curveto
201.01 264.63 231.76 264.23 258.36 255.17 curveto
284.65 246.22 351.13 265.75 355.1 268.47 curveto
359.05 271.19 397 287.19 414.87 292.07 curveto
432.54 296.89 425.19 306.58 424.76 328.47 curveto
424.38 348.15 403.52 376.87 401.57 381.5 curveto
399.63 386.12 401.15 413.8 406.68 428.58 curveto
412.16 443.25 418.79 459.95 425.65 471.96 curveto stroke
newpath 392.17 556.22 moveto
392.17 556.22 380.99 547.17 367.14 530.83 curveto
353.14 514.3 342.9 481.69 337.84 482.53 curveto
332.77 483.38 326.58 484.88 312.21 479.3 curveto
297.79 473.7 294.15 448.76 287.48 438.44 curveto
280.79 428.09 274.15 422.82 240.29 400.32 curveto
206.37 377.77 146.66 367.27 126.54 356.28 curveto
105.68 344.89 71.39 313.28 71.59 303.25 curveto
72.28 269.97 56.46 282.55 51.23 283.72 curveto
46 284.88 21.46 301.01 9.67 313.57 curveto
-2.1 326.12 -20.34 337.33 -38.07 340.5 curveto
-56.11 343.73 -56.9 321.92 -53.08 315.02 curveto
-49.25 308.13 -54.39 288.73 -56.1 277.52 curveto
-57.81 266.38 -78.65 246.07 -81.46 243.93 curveto
-84.27 241.8 -131.61 175.63 -135.18 167.75 curveto
-138.75 159.89 -163.39 137.48 -168.8 131.4 curveto
-174.14 125.39 -182.23 114.48 -187.75 113.92 curveto
-193.21 113.37 -190.2 113.95 -206.56 121.99 curveto
-224.29 130.69 -234.52 122.72 -266.25 125.81 curveto
-299.59 129.06 -301.75 120.19 -310.76 116.59 curveto
-319.7 113.02 -324.1 117.82 -329.48 120.67 curveto
-334.78 123.48 -333.18 129.29 -343.83 134.95 curveto
-354.51 140.62 -353.22 131.07 -363.66 122.93 curveto
-373.85 114.97 -362.72 107.95 -362.55 94.17 curveto
-362.37 80.71 -358.84 80.01 -362.72 67.37 curveto
-366.55 54.87 -364.18 59.47 -366.25 55.75 curveto
-368.34 52 -378.19 44.07 -381.92 27.25 curveto
-385.86 9.49 -371.69 4.96 -363.33 -6.02 curveto
-355.3 -16.56 -361.77 -24.58 -364.39 -37.03 curveto stroke
newpath -364.39 -37.03 moveto
-376.26 -148.38 lineto
-376.26 -148.38 -366.92 -256.07 -357.74 -255.35 curveto
-350.29 -254.76 -337.52 -236.76 -336.08 -240.89 curveto
-311.59 -311.45 -334.84 -263.71 -317.81 -325.16 curveto
-306.89 -364.54 -316.24 -349.9 -317.86 -374.17 curveto
-318.32 -380.98 -314.8 -394.28 -314.67 -399.5 curveto
-314.49 -406.76 -316.21 -409.56 -315.66 -421.69 curveto
-314.93 -437.47 -349.06 -451.91 -357.79 -450.96 curveto stroke
newpath -357.79 -450.96 moveto
-370.88 -458.04 -370.38 -462.53 -376.31 -467.04 curveto
-382.17 -471.52 -385.36 -479.98 -398.03 -486.8 curveto
-410.46 -493.49 -426.9 -496.61 -426.9 -496.61 curveto stroke
newpath -426.9 -496.61 moveto
-431.42 -505.56 lineto stroke
newpath -414.46 -543.88 moveto
-405.75 -540.85 lineto stroke
newpath -405.75 -540.85 moveto
-405.75 -540.85 -400.09 -534.12 -396.51 -529.36 curveto
-393.43 -525.26 -386.59 -518.92 -383.39 -517.28 curveto
-379.05 -515.04 -365.77 -511.79 -353.69 -505.35 curveto
-341.3 -498.74 -338.83 -497.39 -330.68 -494.22 curveto
-322.4 -491.01 -308.37 -494.28 -301.17 -489.11 curveto
-293.87 -483.86 -280.06 -479.62 -272.05 -471.68 curveto
-263.79 -463.51 -242.2 -475.3 -236.64 -464.39 curveto
-231.14 -453.6 -239.71 -439.73 -240.87 -434.67 curveto
-242.09 -429.34 -249.23 -430.29 -251.84 -422.92 curveto
-254.71 -414.82 -256.16 -405.89 -256.16 -405.89 curveto stroke
newpath -256.16 -405.89 moveto
-258.68 -381.57 -267.04 -365.71 -271.11 -350.79 curveto
-275.4 -335.05 -302.22 -230.46 -310.7 -205.59 curveto
-344 -108.02 -340.77 -130.55 -346.04 -136.32 curveto
-346.7 -137.04 -345.88 -145.53 -346.37 -149.03 curveto
-346.85 -152.46 -344.89 -39.29 -343.93 -32.9 curveto
-342.99 -26.69 -342.47 -27.45 -339.06 -23.14 curveto
-334.81 -17.75 -330.86 2.75 -304.85 4.98 curveto
-297.3 5.63 -282.41 16.28 -274.58 20.86 curveto
-266.87 25.36 -243.49 49.94 -238.5 54.27 curveto
-233.47 58.63 -234.72 75.87 -212.11 81.94 curveto
-190.46 87.76 -194.83 82.32 -183.87 79.31 curveto
-172.54 76.19 -153.67 58.96 -145.33 69.69 curveto
-136.83 80.62 -131.59 96.26 -124.5 104 curveto
-117.55 111.58 -108.76 117.93 -102.65 122.7 curveto
-96.54 127.46 -72.53 151.42 -68.03 158.66 curveto
-63.5 165.94 -51.89 194.19 -47.9 199.39 curveto
-43.91 204.58 -45.88 217 -32.87 217.9 curveto
-20.06 218.78 -16.88 215.95 -15.73 211.56 curveto
-14.58 207.21 -17.97 201.84 -7.31 203.28 curveto
3.06 204.68 20.09 208.39 29.05 211.77 curveto
37.86 215.08 58.48 214.56 66.59 214.74 curveto
74.83 214.92 90.3 215.55 94.67 205.71 curveto
99.03 195.92 102.12 184.38 101.17 177.22 curveto
100.22 170.07 94.7 148.03 96.42 144.36 curveto
98.13 140.7 101.16 133.18 94.88 122.25 curveto
88.64 111.38 79.41 81.17 97.92 69.93 curveto
116.14 58.86 120.36 59.95 122.04 52.99 curveto
123.73 46.02 123.99 17.65 122.7 11.8 curveto
121.42 5.95 117.28 -14.91 116.42 -18.92 curveto
115.57 -22.87 111.06 -36.32 118.59 -50.61 curveto
125.95 -64.57 133.37 -73.38 134.67 -90.25 curveto
135.82 -105.24 131.31 -108.6 131.35 -113.71 curveto
131.38 -119.23 131.85 -121.54 132.81 -124.58 curveto
133.8 -127.72 139.55 -140.85 126.76 -134.71 curveto
115.02 -129.08 101.63 -119.75 103.08 -137.73 curveto
104.61 -156.69 109.75 -153.15 110.76 -164.83 curveto
111.74 -176.25 115.31 -189.99 115.3 -200.63 curveto
115.3 -211.29 107.79 -240.84 105.11 -243.11 curveto
102.44 -245.37 108.4 -254.14 101.05 -254.27 curveto
93.7 -254.41 67.44 -249.82 67.86 -264.8 curveto
68.3 -279.97 65.8 -308.4 76.21 -337.8 curveto
78.53 -344.35 79.04 -360.59 75.22 -372.3 curveto
71.52 -383.62 68.13 -394.87 62.29 -407.02 curveto
56.55 -418.98 52.48 -433.49 50.98 -437.76 curveto
49.49 -442.02 46.27 -455.64 46.27 -455.64 curveto stroke
newpath 55.78 -455.18 moveto
59.62 -450.65 72.16 -430.86 72.16 -430.86 curveto
72.16 -430.86 74.41 -421.12 80.03 -421.14 curveto
85.64 -421.15 88.06 -423.25 86.3 -429.55 curveto
84.57 -435.75 70.53 -454.85 69.24 -456.36 curveto
67.95 -457.87 51.22 -478.63 51.56 -482.54 curveto
51.91 -486.44 49.98 -499.45 59.36 -488.33 curveto
68.72 -477.25 75.22 -471.11 76.84 -468.97 curveto
78.46 -466.83 95.29 -449.58 101.77 -448.17 curveto
108.22 -446.76 101.5 -464.18 102.14 -469.47 curveto
102.79 -474.79 99.53 -485.04 100.83 -490.4 curveto
102.14 -495.76 92 -513.62 94.27 -523.62 curveto
96.37 -532.89 91.96 -542.43 98.19 -553.6 curveto stroke
newpath 146.77 -19.16 moveto
146.77 -19.16 148.49 -29.3 148.15 -31.51 curveto
147.81 -33.71 148.39 -40.43 147.31 -42.58 curveto
146.23 -44.73 144.95 -49.08 144.95 -49.08 curveto
144.95 -49.08 139.31 -52.34 138.83 -45.53 curveto
138.34 -38.79 138.6 -25.82 139.91 -21.51 curveto
141.22 -17.2 140.55 -12.25 142.34 -13.56 curveto
144.12 -14.87 146.77 -19.16 146.77 -19.16 curveto closepath stroke
newpath 309.88 281.35 moveto
307.38 280.69 288.7 271.8 283.14 271.55 curveto
277.58 271.29 255.21 273.4 243.09 278 curveto
230.91 282.62 216.05 280.06 214.69 303.03 curveto
214.49 306.46 215.98 316.19 232.51 317.13 curveto
249.02 318.06 255.86 317.85 261.68 316.48 curveto
267.49 315.11 281.87 315.74 283.99 316.91 curveto
286.1 318.09 305.72 316.98 308.32 314.2 curveto
310.92 311.43 337.07 307.09 338.7 304.97 curveto
340.33 302.85 349.06 302.12 350.62 294.69 curveto
352.19 287.25 357.29 281.02 349.45 276.14 curveto
343.32 272.33 336.86 277.67 333.18 278.81 curveto
329.51 279.95 327.42 282.62 319.64 282.66 curveto
311.84 282.71 312.37 282 309.88 281.35 curveto closepath stroke
newpath 153.66 -54.88 moveto
153.66 -54.88 159.16 -57.73 160.01 -61.14 curveto
160.86 -64.58 160.35 -69.95 159.63 -72.16 curveto
158.91 -74.38 158.05 -77.23 158.07 -79.14 curveto
158.09 -81.06 155.29 -89.86 151.3 -76.71 curveto
147.39 -63.86 147.28 -65.61 147.02 -61.58 curveto
146.75 -57.55 146.09 -50.74 148.78 -52.52 curveto
151.47 -54.31 153.66 -54.88 153.66 -54.88 curveto closepath stroke
newpath 152.32 61.81 moveto
155.14 52.86 154.08 41.77 153.49 38.5 curveto
152.89 35.24 151.18 24.78 151.27 18.25 curveto
151.36 11.74 145.56 3.8 145.56 3.8 curveto
145.56 3.8 135.14 7.58 137.51 25.16 curveto
139.87 42.69 140.35 53.62 140.91 57.53 curveto
141.48 61.43 140.58 64.13 142.23 67.89 curveto
143.64 71.12 148.1 69.85 152.32 61.81 curveto stroke
showpage
%%EOF
