TRIP
DATE 2005-07-01 
DECLINATION     0.00
DATA
1.0	1.1	228.27	-32.68	6.691	>
1.1		125.84	33.89	2.387	>
1.1		93.08	0.05	3.310	>
1.1		161.69	-68.90	1.247	>
1.1		147.81	-1.17	6.473	>
1.1		163.19	-0.76	7.047	>
1.1		124.55	3.66	9.187	>
1.1		311.61	-7.97	0.555	>
1.1		182.58	0.05	2.354	>
1.1	1.2	155.11	0.07	6.335	>
1.2		140.43	35.33	0.375	>
1.2		177.50	78.22	0.897	>
1.2		314.54	52.85	1.178	>
1.2		304.61	25.14	2.001	>
1.2		303.43	10.39	3.121	>
1.2		302.35	-0.82	3.787	>
1.2		302.77	-12.58	3.517	>
1.2		303.15	-15.64	2.885	>
1.2		303.28	-21.52	2.080	>
1.2		299.38	-45.50	1.181	>
1.2		288.30	-66.47	0.686	>
1.2		216.33	3.49	1.772	>
1.2		325.20	2.69	5.122	>
1.2		294.61	-0.79	3.833	>
1.2		256.00	-3.80	5.499	>
1.2		251.24	-12.51	9.927	>
1.2		251.16	-12.64	10.061	>
1.2	1.3	251.19	-12.46	9.921	>
1.3		351.37	63.21	0.680	>
1.3		349.55	-0.09	3.125	>
1.3		174.20	8.43	0.450	>
1.3		39.82	-36.39	1.595	>
1.3		30.15	2.68	3.402	>
1.3		25.74	-0.17	2.381	>
1.3		329.80	0.34	3.565	>
1.3		295.17	-3.82	3.120	>
1.3		245.33	25.45	0.435	>
1.3		148.97	11.70	0.897	>
1.3		117.21	10.45	2.669	>
1.3		102.39	14.54	3.361	>
1.3	1.4	283.37	-17.08	8.350	>
1.4		338.20	80.57	1.940	>
1.4		226.00	40.54	0.532	>
1.4		24.80	-3.21	1.805	>
1.4		7.07	-36.35	2.158	>
1.4		114.86	0.04	3.212	>
1.4		85.52	5.90	3.579	>
1.4		57.66	9.26	2.207	>
1.4		12.69	11.27	1.852	>
1.4		354.83	-0.16	2.939	>
1.4		334.57	-5.72	4.384	>
1.4		321.73	7.32	1.271	>
1.4	1.5	324.41	-9.51	5.120	>
1.5		222.83	58.08	2.156	>
1.5		190.29	5.66	2.069	>
1.5		228.23	-63.73	1.645	>
1.5		102.32	3.74	2.409	>
1.5		118.25	3.97	4.091	>
1.5		87.26	5.03	1.575	>
1.5		153.90	5.28	2.337	>
1.5		194.04	8.28	1.841	>
1.5		233.23	-3.37	2.043	>
1.5		262.87	-1.67	2.337	>
1.5		295.71	0.36	3.375	>
1.5		313.75	-1.96	3.679	>
1.5	1.6	283.76	-3.88	4.399	>
1.6		301.39	83.75	1.271	>
1.6		30.11	39.43	0.880	>
1.6		188.04	12.13	1.447	>
1.6		228.81	-54.68	1.216	>
1.6		90.30	25.56	0.637	>
1.6		134.37	10.27	1.885	>
1.6		254.91	3.15	1.765	>
1.6		281.58	-1.04	2.536	>
1.6		341.87	11.55	2.807	>
1.6		333.70	4.89	4.414	>
1.6		307.15	0.08	3.641	>
1.6	1.7	320.42	-1.23	8.376	>
1.7		214.20	39.86	1.499	>
1.7		199.27	2.29	2.699	>
1.7		229.64	-71.69	3.284	>
1.7		175.11	-7.93	3.413	>
1.7		197.55	-8.65	2.707	>
1.7		233.90	-5.48	4.909	>
1.7		247.91	-5.61	6.259	>
1.7		276.57	-5.92	1.590	>
1.7		265.56	-5.23	2.555	>
1.7		131.14	-2.30	1.745	>
1.7	1.8	261.46	-8.50	13.343	>
1.8		315.00	89.38	0.521	>
1.8		194.25	0.94	0.732	>
1.8		5.39	6.53	2.402	>
1.8		177.02	9.22	0.624	>
1.8		253.57	7.44	0.702	>
1.8		328.45	3.88	2.722	>
1.8		115.26	4.42	2.062	>
1.8		29.77	6.09	3.186	>
1.8		317.79	-1.18	3.442	>
1.8	1.9	328.66	31.78	0.923	>
1.9		291.20	-15.70	0.954	>
1.9		291.79	-15.84	0.714	>
1.9		290.60	-15.59	0.599	>
1.9		290.45	-15.55	0.701	>
1.9	1.10	290.78	-15.64	4.763	>
1.10		152.90	87.08	0.948	>
1.10		358.10	31.23	1.377	>
1.10		162.24	-4.17	1.979	>
1.10		133.97	2.19	3.611	>
1.10		150.87	0.58	2.583	>
1.10		194.56	-0.65	1.954	>
1.10		90.46	7.87	3.003	>
1.10		65.17	15.99	1.583	>
1.10		298.71	28.31	1.440	>
1.10		218.38	-10.54	3.520	>
1.10		217.85	-8.61	3.533	>
1.10	1.11	234.50	10.77	3.162	>
1.11		135.86	-73.82	0.510	>
1.11		180.56	-28.96	0.235	>
1.11		339.21	2.01	0.285	>
1.11		88.95	-7.30	1.811	>
1.11		215.37	-16.54	0.759	>
1.11		243.03	-10.60	1.685	>
1.11	1.12	245.48	-11.54	1.859	>
1.12		355.04	40.13	0.529	>
1.12		7.25	-21.87	0.427	>
1.12		358.19	-3.77	0.730	>
1.12		182.05	38.14	0.178	>
1.12		276.08	4.68	0.710	>
1.12		336.78	4.21	1.704	>
1.12		324.68	1.35	2.338	>
1.12	1.13	301.21	0.03	2.136	>
1.13		22.44	11.63	0.273	>
1.13		167.35	42.64	2.557	>
1.13	1.14	282.77	-13.34	2.484	>
1.14		346.30	-18.34	0.867	>
1.14		182.92	-5.58	2.192	>
1.14		169.00	14.40	1.001	>
1.14		230.77	-3.70	4.180	>
1.14		174.19	-5.05	2.203	>
1.14		52.86	-8.60	2.114	>
1.14		228.37	-1.47	2.891	>
1.14	1.15	229.18	-1.61	2.706	>
1.15		277.00	34.21	1.369	>
1.15		188.17	-13.90	0.949	>
1.15		355.12	-3.75	1.989	>
1.15		134.43	-7.60	0.643	>
1.15		208.49	-10.34	1.287	>
1.15		243.53	-6.23	2.379	>
1.15		259.21	-4.45	2.846	>
1.15		327.87	-3.77	2.446	>
1.15		298.61	-2.14	2.891	>
1.15		285.57	0.92	3.852	>
1.15		279.11	-0.75	3.834	>
1.15	1.16	268.76	-5.88	3.893	>
1.16		25.37	-8.13	1.167	>
1.16		157.66	-17.19	0.947	>
1.16		326.55	-21.56	1.682	>
1.16		307.19	-20.89	1.937	>
1.16		290.03	-20.81	2.336	>
1.16		278.39	-16.46	4.439	>
1.16		262.04	-16.50	5.340	>
1.16		256.72	-15.68	5.111	>
1.16		244.31	-16.77	4.301	>
1.16		227.12	-19.46	3.590	>
1.16		214.26	-25.43	3.533	>
1.16		247.07	-24.11	4.035	>
1.16		270.25	-25.75	4.038	>
1.16	1.17	260.81	-20.77	4.705	>
1.13	22.0	0.00	0.00	0.000	>
22.0	22.1	153.98	44.82	1.778	>
22.1		215.85	50.07	0.665	>
22.1		129.52	-7.00	0.410	>
22.1		268.93	-0.23	1.232	>
22.1		301.48	-50.96	0.639	>
22.1		221.13	-4.42	2.051	>
22.1		198.58	-0.31	4.007	>
22.1		160.25	0.81	1.134	>
22.1		170.03	-2.53	3.873	>
22.1		164.05	-2.83	1.804	>
22.1	22.2	186.56	-4.19	5.046	>
22.2		79.51	55.01	0.881	>
22.2		257.09	59.95	0.840	>
22.2		81.16	11.01	1.544	>
22.2		39.45	5.17	2.010	>
22.2		112.04	-0.39	2.201	>
22.2		166.99	12.36	1.369	>
22.2	22.3	132.14	-1.54	3.727	>
1.11	23.0	0.00	0.00	0.000	>
23.0	23.1	35.92	7.08	1.445	>
23.1		336.11	-3.98	1.008	>
23.1		242.63	-2.83	0.669	>
23.1		197.35	-83.89	0.315	>
23.1		284.89	3.37	2.888	>
23.1	23.2	284.66	3.65	2.831	>
23.2		21.14	62.37	1.387	>
23.2		76.37	6.84	0.731	>
23.2		195.15	-53.00	0.496	>
23.2		226.78	-25.98	0.733	>
23.2		327.66	17.72	2.316	>
23.2		277.39	1.30	1.144	>
23.2		323.39	17.62	2.217	>
23.2		26.50	27.15	1.720	>
23.2		9.85	36.80	2.359	>
23.2		336.67	36.45	2.735	>
23.2	23.3	356.64	44.68	3.796	>
23.3		247.35	63.06	0.940	>
23.3		90.50	-14.63	0.954	>
23.3		255.27	12.24	0.660	>
23.3		31.56	17.03	1.680	>
23.3		357.11	13.21	2.346	>
23.3		324.98	16.74	1.389	>
23.3		255.32	19.30	0.865	>
23.3		284.60	26.35	1.262	>
23.3		256.40	46.97	0.929	>
23.3		274.60	0.74	6.506	>

PLAN
STATIONS
0.000	0.000	1.0
-4.203	-3.749	1.1
-1.537	-9.496	1.2
-10.707	-12.619	1.3
-18.472	-10.773	1.4
-21.411	-6.667	1.5
-25.674	-5.623	1.6
-31.010	0.831	1.7
-44.060	-1.129	1.8
-44.468	-0.459	1.9
-48.756	1.168	1.10
-51.285	-0.636	1.11
-52.942	-1.392	1.12
-54.769	-0.285	1.13
-57.126	0.249	1.14
-59.173	-1.519	1.15
-63.045	-1.603	1.16
-67.388	-2.306	1.17
-54.769	-0.285	22.0
-54.216	-1.418	22.1
-54.791	-6.418	22.2
-52.028	-8.918	22.3
-51.285	-0.636	23.0
-50.444	0.525	23.1
-53.177	1.240	23.2
-53.335	3.934	23.3
0.340	-11.730	1.2
SHOTS
-53.177	1.240	-53.335	3.934
-53.335	3.934	-53.728	3.770
-53.335	3.934	-52.412	3.926
-53.335	3.934	-53.959	3.770
-53.335	3.934	-52.494	5.303
-53.335	3.934	-53.450	6.215
-53.335	3.934	-54.098	5.023
-53.335	3.934	-54.125	3.727
-53.335	3.934	-54.429	4.219
-53.335	3.934	-53.951	3.785
-53.335	3.934	-59.819	4.456
-50.444	0.525	-53.177	1.240
-53.177	1.240	-52.945	1.840
-53.177	1.240	-52.472	1.411
-53.177	1.240	-53.255	0.952
-53.177	1.240	-53.657	0.789
-53.177	1.240	-54.357	3.104
-53.177	1.240	-54.311	1.387
-53.177	1.240	-54.437	2.936
-53.177	1.240	-52.494	2.610
-53.177	1.240	-52.854	3.101
-53.177	1.240	-54.048	3.260
-51.285	-0.636	-50.444	0.525
-50.444	0.525	-50.851	1.444
-50.444	0.525	-51.037	0.218
-50.444	0.525	-50.454	0.493
-50.444	0.525	-53.230	1.266
-51.285	-0.636	-51.285	-0.636
-54.791	-6.418	-52.028	-8.918
-54.216	-1.418	-54.791	-6.418
-54.791	-6.418	-54.294	-6.326
-54.791	-6.418	-55.201	-6.512
-54.791	-6.418	-53.293	-6.185
-54.791	-6.418	-53.519	-4.872
-54.791	-6.418	-52.751	-7.244
-54.791	-6.418	-54.490	-7.721
-54.769	-0.285	-54.216	-1.418
-54.216	-1.418	-54.466	-1.764
-54.216	-1.418	-53.902	-1.677
-54.216	-1.418	-55.448	-1.441
-54.216	-1.418	-54.559	-1.208
-54.216	-1.418	-55.561	-2.958
-54.216	-1.418	-55.493	-5.216
-54.216	-1.418	-53.833	-2.485
-54.216	-1.418	-53.546	-5.229
-54.216	-1.418	-53.721	-3.150
-54.769	-0.285	-54.769	-0.285
-63.045	-1.603	-67.388	-2.306
-59.173	-1.519	-63.045	-1.603
-63.045	-1.603	-62.550	-0.559
-63.045	-1.603	-62.701	-2.440
-63.045	-1.603	-63.907	-0.298
-63.045	-1.603	-64.487	-0.509
-63.045	-1.603	-65.097	-0.855
-63.045	-1.603	-67.257	-0.982
-63.045	-1.603	-68.116	-2.312
-63.045	-1.603	-67.834	-2.733
-63.045	-1.603	-66.756	-3.388
-63.045	-1.603	-65.525	-3.906
-63.045	-1.603	-64.841	-4.240
-63.045	-1.603	-66.437	-3.038
-63.045	-1.603	-66.682	-1.587
-57.126	0.249	-59.173	-1.519
-59.173	-1.519	-60.297	-1.381
-59.173	-1.519	-59.304	-2.431
-59.173	-1.519	-59.342	0.459
-59.173	-1.519	-58.718	-1.965
-59.173	-1.519	-59.777	-2.632
-59.173	-1.519	-61.290	-2.573
-59.173	-1.519	-61.960	-2.050
-59.173	-1.519	-60.471	0.548
-59.173	-1.519	-61.709	-0.136
-59.173	-1.519	-62.883	-0.485
-59.173	-1.519	-62.958	-0.912
-54.769	-0.285	-57.126	0.249
-57.126	0.249	-57.321	1.049
-57.126	0.249	-57.237	-1.930
-57.126	0.249	-56.941	-0.703
-57.126	0.249	-60.357	-2.389
-57.126	0.249	-56.904	-1.934
-57.126	0.249	-55.460	1.511
-57.126	0.249	-59.286	-1.671
-52.942	-1.392	-54.769	-0.285
-54.769	-0.285	-54.667	-0.038
-54.769	-0.285	-54.357	-2.120
-51.285	-0.636	-52.942	-1.392
-52.942	-1.392	-52.977	-0.989
-52.942	-1.392	-52.892	-0.999
-52.942	-1.392	-52.965	-0.664
-52.942	-1.392	-52.947	-1.532
-52.942	-1.392	-53.646	-1.317
-52.942	-1.392	-53.612	0.170
-52.942	-1.392	-54.293	0.515
-48.756	1.168	-51.285	-0.636
-51.285	-0.636	-51.186	-0.738
-51.285	-0.636	-51.287	-0.842
-51.285	-0.636	-51.386	-0.370
-51.285	-0.636	-49.489	-0.603
-51.285	-0.636	-51.706	-1.229
-51.285	-0.636	-52.761	-1.387
-44.468	-0.459	-48.756	1.168
-48.756	1.168	-48.734	1.125
-48.756	1.168	-48.795	2.345
-48.756	1.168	-48.154	-0.712
-48.756	1.168	-46.159	-1.337
-48.756	1.168	-47.499	-1.088
-48.756	1.168	-49.247	-0.723
-48.756	1.168	-45.781	1.144
-48.756	1.168	-47.375	1.807
-48.756	1.168	-49.868	1.777
-48.756	1.168	-50.905	-1.545
-48.756	1.168	-50.899	-1.590
-44.060	-1.129	-44.468	-0.459
-44.468	-0.459	-45.324	-0.127
-44.468	-0.459	-45.106	-0.204
-44.468	-0.459	-45.008	-0.256
-44.468	-0.459	-45.101	-0.223
-31.010	0.831	-44.060	-1.129
-44.060	-1.129	-44.064	-1.125
-44.060	-1.129	-44.240	-1.838
-44.060	-1.129	-43.836	1.247
-44.060	-1.129	-44.028	-1.744
-44.060	-1.129	-44.728	-1.326
-44.060	-1.129	-45.481	1.185
-44.060	-1.129	-42.201	-2.006
-44.060	-1.129	-42.487	1.621
-44.060	-1.129	-46.372	1.420
-25.674	-5.623	-31.010	0.831
-31.010	0.831	-31.657	-0.121
-31.010	0.831	-31.900	-1.715
-31.010	0.831	-31.796	0.163
-31.010	0.831	-30.722	-2.537
-31.010	0.831	-31.817	-1.721
-31.010	0.831	-34.958	-2.048
-31.010	0.831	-36.782	-1.512
-31.010	0.831	-32.581	1.012
-31.010	0.831	-33.547	0.634
-31.010	0.831	-29.697	-0.316
-21.411	-6.667	-25.674	-5.623
-25.674	-5.623	-25.792	-5.551
-25.674	-5.623	-25.333	-5.035
-25.674	-5.623	-25.872	-7.024
-25.674	-5.623	-26.203	-6.086
-25.674	-5.623	-25.099	-5.626
-25.674	-5.623	-24.348	-6.920
-25.674	-5.623	-27.376	-6.082
-25.674	-5.623	-28.158	-5.114
-25.674	-5.623	-26.530	-3.009
-25.674	-5.623	-27.623	-1.680
-25.674	-5.623	-28.576	-3.424
-18.472	-10.773	-21.411	-6.667
-21.411	-6.667	-22.186	-7.503
-21.411	-6.667	-21.779	-8.693
-21.411	-6.667	-21.954	-7.152
-21.411	-6.667	-19.063	-7.180
-21.411	-6.667	-17.816	-8.599
-21.411	-6.667	-19.844	-6.592
-21.411	-6.667	-20.387	-8.757
-21.411	-6.667	-21.853	-8.434
-21.411	-6.667	-23.045	-7.888
-21.411	-6.667	-23.729	-6.957
-21.411	-6.667	-24.452	-5.203
-21.411	-6.667	-24.067	-4.124
-10.707	-12.619	-18.472	-10.773
-18.472	-10.773	-18.590	-10.478
-18.472	-10.773	-18.763	-11.054
-18.472	-10.773	-17.716	-9.137
-18.472	-10.773	-18.258	-9.048
-18.472	-10.773	-15.558	-12.123
-18.472	-10.773	-14.923	-10.495
-18.472	-10.773	-16.632	-9.608
-18.472	-10.773	-18.073	-9.001
-18.472	-10.773	-18.737	-7.846
-18.472	-10.773	-20.345	-6.833
-18.472	-10.773	-19.253	-9.783
-1.537	-9.496	-10.707	-12.619
-10.707	-12.619	-10.753	-12.316
-10.707	-12.619	-11.274	-9.546
-10.707	-12.619	-10.662	-13.062
-10.707	-12.619	-9.885	-11.633
-10.707	-12.619	-9.000	-9.680
-10.707	-12.619	-9.673	-10.474
-10.707	-12.619	-12.500	-9.538
-10.707	-12.619	-13.524	-11.295
-10.707	-12.619	-11.064	-12.783
-10.707	-12.619	-10.254	-13.372
-10.707	-12.619	-8.373	-13.819
-10.707	-12.619	-7.529	-13.317
-4.203	-3.749	-1.537	-9.496
-1.537	-9.496	-1.342	-9.732
-1.537	-9.496	-1.529	-9.679
-1.537	-9.496	-2.044	-8.997
-1.537	-9.496	-3.028	-8.467
-1.537	-9.496	-4.099	-7.805
-1.537	-9.496	-4.736	-7.470
-1.537	-9.496	-4.423	-7.638
-1.537	-9.496	-3.863	-7.977
-1.537	-9.496	-3.155	-8.434
-1.537	-9.496	-2.258	-9.090
-1.537	-9.496	-1.797	-9.410
-1.537	-9.496	-2.585	-10.921
-1.537	-9.496	-4.457	-5.295
-1.537	-9.496	-5.021	-7.900
-1.537	-9.496	-6.861	-10.823
-1.537	-9.496	-10.713	-12.613
-1.537	-9.496	-10.828	-12.666
0.000	0.000	-4.203	-3.749
-4.203	-3.749	-2.597	-4.909
-4.203	-3.749	-0.898	-3.927
-4.203	-3.749	-4.062	-4.175
-4.203	-3.749	-0.755	-9.226
-4.203	-3.749	-2.165	-10.494
-4.203	-3.749	3.348	-8.949
-4.203	-3.749	-4.614	-3.384
-4.203	-3.749	-4.309	-6.101
0.340	-11.730	0.263	-11.513	
0.340	-11.730	0.410	-10.852	
0.340	-11.730	0.587	-10.791	
0.340	-11.730	1.253	-10.880	
0.340	-11.730	1.941	-11.167	
0.340	-11.730	2.376	-11.784	
0.340	-11.730	2.163	-12.496	
0.340	-11.730	1.800	-12.508	
0.340	-11.730	1.354	-12.493	
0.340	-11.730	0.820	-12.572	
0.340	-11.730	0.539	-12.359	
0.340	-11.730	1.894	-11.622	
0.340	-11.730	1.199	-11.490	
0.340	-11.730	2.816	-11.783	
0.340	-11.730	5.724	-12.094	
0.340	-11.730	9.971	-13.880	
0.340	-11.730	10.098	-13.932	
POLYLINE BLACK
-70.475	28.330
POLYLINE BLACK
-56.595	4.000
-56.655	3.970
-56.835	4.000
-57.195	4.000
POLYLINE BLACK
-55.695	3.970
-55.875	3.970
-56.145	4.000
POLYLINE BLACK
-54.285	3.460
-54.615	3.670
-54.945	3.760
POLYLINE BLACK
-56.415	5.590
-56.655	5.650
-56.805	5.650
POLYLINE BLACK
-55.215	5.170
-55.365	5.200
-55.485	5.230
-55.605	5.260
POLYLINE BLACK
-54.195	5.020
-54.315	5.020
-54.375	5.050
-54.495	5.020
-54.675	5.020
POLYLINE BLACK
-53.895	5.740
-53.985	5.590
-54.075	5.470
-54.135	5.170
-54.135	5.050
-54.165	4.990
POLYLINE BLACK
-55.425	4.120
-55.365	4.060
POLYLINE BLACK
-53.205	6.160
-53.235	6.100
-53.355	6.100
-53.655	5.890
-53.805	5.740
-54.045	5.380
POLYLINE BLACK
-52.455	4.990
-52.485	5.110
-52.605	5.380
-52.875	5.770
-53.175	5.980
-53.205	6.040
-53.265	6.040
-53.385	6.130
POLYLINE BLACK
-53.595	6.200
-53.625	6.190
-53.665	6.200
POLYLINE BLACK
-52.475	3.890
-52.475	4.310
-52.485	4.340
-52.485	4.390
-52.475	4.410
-52.475	4.770
-52.465	4.810
-52.475	4.850
-52.475	4.940
-52.465	5.000
-52.465	5.060
-52.515	5.170
-52.515	5.230
-52.525	5.250
POLYLINE BLACK
-53.635	-0.240
-53.585	-0.230
-53.515	-0.200
-53.275	0.030
-53.105	0.130
-53.015	0.160
-52.955	0.170
POLYLINE BLACK
-52.315	0.470
-52.305	0.430
-52.305	0.380
-52.295	0.350
-52.295	0.260
-52.225	0.330
-52.205	0.430
POLYLINE BLACK
-52.165	-0.010
-52.145	0.000
-52.135	-0.020
-52.135	-0.190
-52.095	-0.110
-52.035	0.090
-52.035	0.050
-51.995	-0.010
-51.945	0.000
-51.905	0.040
-51.855	0.050
-51.825	-0.120
-51.805	-0.180
POLYLINE BLACK
-52.345	0.010
-52.325	-0.010
-52.255	-0.020
POLYLINE BLACK
-52.425	0.050
-52.405	0.050
-52.385	0.030
-52.385	-0.150
-52.295	0.090
-52.275	0.100
-52.255	0.090
-52.205	-0.050
-52.185	-0.240
POLYLINE BLACK
-52.605	0.080
-52.615	-0.030
-52.625	-0.080
-52.615	-0.100
-52.595	0.060
-52.555	0.170
-52.525	0.140
-52.455	-0.030
-52.445	-0.120
-52.485	-0.160
-52.525	-0.180
-52.575	-0.180
POLYLINE BLACK
-52.115	0.400
-52.085	0.360
-52.075	0.260
-52.055	0.260
-51.995	0.460
-51.945	0.510
-51.905	0.500
-51.895	0.480
-51.945	0.410
-51.995	0.300
-51.895	0.270
-51.865	0.270
POLYLINE BLACK
-52.485	0.440
-52.505	0.350
-52.495	0.300
-52.435	0.310
-52.395	0.350
-52.385	0.420
-52.405	0.440
-52.415	0.480
POLYLINE BLACK
-52.645	0.460
-52.685	0.450
-52.785	0.330
-52.825	0.260
-52.825	0.240
-52.785	0.210
-52.745	0.210
-52.725	0.270
-52.725	0.300
-52.735	0.320
-52.715	0.310
-52.695	0.320
-52.565	0.290
POLYLINE BLACK
-52.705	3.100
-52.725	3.100
-52.755	3.140
-52.785	3.250
-52.775	3.320
-52.665	3.490
-52.515	3.690
-52.475	3.750
-52.425	3.860
-52.425	3.900
POLYLINE BLACK
-54.065	3.290
-54.005	3.390
-53.975	3.520
-53.975	3.650
-53.965	3.690
-53.965	3.730
-53.955	3.770
POLYLINE BLACK
-54.285	3.110
-54.215	3.180
-54.155	3.260
-54.105	3.300
POLYLINE BLACK
-52.335	1.370
-52.435	1.370
-52.455	1.390
-52.475	1.390
-52.545	1.510
-52.555	1.560
-52.565	1.600
-52.565	1.670
-52.585	1.840
-52.585	2.080
-52.575	2.120
-52.565	2.200
-52.565	2.280
-52.555	2.350
-52.545	2.440
-52.535	2.480
-52.535	2.560
-52.545	2.610
-52.545	2.670
-52.555	2.730
-52.565	2.790
-52.595	2.830
-52.605	2.870
-52.645	2.930
-52.665	2.980
-52.735	3.080
-52.775	3.090
-52.785	3.110
POLYLINE BLACK
-53.155	1.780
POLYLINE BLACK
-53.485	0.820
-53.525	0.810
-53.545	0.820
-53.595	0.810
-53.615	0.820
-53.635	0.810
-53.695	0.830
-53.735	0.840
-53.805	0.850
-53.945	0.900
-54.095	1.010
-54.245	1.180
-54.275	1.210
-54.415	1.540
-54.485	1.780
-54.545	2.030
-54.545	2.060
-54.555	2.100
-54.565	2.210
-54.575	2.260
-54.575	2.350
-54.565	2.400
-54.565	2.540
-54.555	2.590
-54.555	2.640
-54.545	2.690
-54.545	2.740
-54.465	2.960
-54.395	3.050
-54.355	3.090
-54.345	3.110
POLYLINE BLACK
-50.725	1.430
-50.745	1.420
-50.885	1.410
-51.075	1.440
-51.165	1.440
-51.235	1.450
-51.295	1.460
-51.335	1.450
-51.385	1.450
-51.425	1.460
-51.475	1.460
-51.515	1.470
-51.615	1.460
-51.735	1.440
-51.785	1.440
-52.035	1.390
-52.125	1.390
-52.165	1.380
-52.305	1.360
-52.375	1.340
-52.435	1.360
-52.495	1.370
-52.505	1.390
POLYLINE BLACK
-50.575	1.420
-50.575	1.400
-50.795	1.360
-50.865	1.360
-50.905	1.370
-50.925	1.370
-50.945	1.390
-50.995	1.380
-51.035	1.390
-51.125	1.410
-51.165	1.400
-51.205	1.400
-51.245	1.410
-51.375	1.410
-51.395	1.420
POLYLINE BLACK
-51.025	0.250
-51.105	0.300
-51.245	0.370
-51.395	0.410
-51.615	0.490
-51.755	0.550
-51.775	0.550
-51.855	0.600
-51.905	0.600
-51.945	0.630
-52.035	0.650
-52.155	0.690
-52.265	0.690
-52.365	0.710
-52.535	0.720
-52.555	0.730
-52.625	0.730
-52.715	0.740
-52.755	0.750
-52.775	0.740
-52.855	0.760
-52.915	0.770
-52.965	0.760
-53.025	0.780
-53.045	0.770
-53.085	0.790
-53.105	0.780
-53.145	0.800
-53.215	0.790
-53.295	0.810
-53.375	0.810
-53.395	0.820
-53.415	0.810
-53.435	0.820
-53.455	0.810
-53.515	0.830
-53.535	0.820
-53.555	0.830
-53.565	0.810
POLYLINE BLACK
-52.655	0.910
POLYLINE BLACK
-49.875	1.850
-49.895	1.810
-49.935	1.810
-50.095	1.690
-50.115	1.630
-50.155	1.630
-50.195	1.590
-50.235	1.590
-50.355	1.470
-50.435	1.410
-50.515	1.410
-50.695	1.310
-50.735	1.310
POLYLINE BLACK
-51.135	0.050
-51.135	0.010
-51.015	0.170
-51.015	0.210
POLYLINE BLACK
-51.515	-0.330
-51.515	-0.370
-51.455	-0.370
-51.175	-0.090
-51.155	-0.030
-51.115	-0.030
-51.075	0.050
-51.035	0.070
POLYLINE BLUE
-55.315	-2.390
-54.910	-2.405
-54.505	-2.435
-54.220	-2.510
POLYLINE BLUE
-55.225	-4.385
-55.015	-4.385
-53.875	-4.280
-53.815	-4.265
POLYLINE BLUE
-54.805	-5.420
-54.550	-5.315
-54.220	-5.135
-53.725	-4.940
-53.575	-4.910
POLYLINE BLUE
-54.625	-7.115
-54.565	-7.070
-54.415	-7.010
-54.160	-6.860
-53.590	-6.440
POLYLINE BLUE
-53.920	-7.865
-53.890	-7.865
-53.725	-7.775
-53.050	-7.220
-53.005	-7.190
POLYLINE BLUE
-52.540	-7.970
-52.540	-8.045
-52.660	-8.510
-52.630	-8.525
-52.585	-8.525
-52.495	-8.495
-52.450	-8.495
-52.360	-8.465
-52.240	-8.465
POLYLINE BLUE
-51.685	-7.790
-51.715	-7.790
-51.880	-7.940
-51.970	-8.000
-52.360	-8.180
-52.495	-8.225
-52.540	-8.285
POLYLINE BLUE
-50.335	-7.610
-50.335	-7.730
-50.320	-7.805
-50.320	-7.895
-50.305	-7.925
-50.305	-7.970
-50.320	-7.865
-50.320	-7.715
-50.290	-7.550
-50.215	-7.430
-50.185	-7.415
-50.155	-7.430
-50.110	-7.520
-50.110	-7.550
-50.095	-7.580
-50.110	-7.640
-50.215	-7.715
-50.290	-7.730
POLYLINE BLUE
-50.890	-7.760
-50.890	-7.970
-50.860	-7.895
-50.860	-7.835
-50.785	-7.625
-50.695	-7.760
-50.680	-7.805
-50.620	-7.895
-50.575	-7.835
-50.530	-7.715
-50.500	-7.670
-50.455	-7.820
-50.455	-7.865
-50.440	-7.895
-50.440	-7.940
POLYLINE BLUE
-51.355	-7.655
-51.370	-7.685
-51.370	-7.775
-51.385	-7.850
-51.385	-7.895
-51.355	-7.985
-51.325	-8.015
-51.280	-8.015
-51.190	-7.955
-51.100	-7.775
-51.040	-7.625
-51.040	-7.730
-51.025	-7.820
-50.995	-7.955
-50.965	-8.060
POLYLINE BLUE
-51.445	-7.505
-51.505	-7.505
-51.580	-7.490
-51.655	-7.550
-51.700	-7.640
-51.700	-7.685
-51.685	-7.730
-51.595	-7.805
-51.490	-7.895
-51.445	-7.970
-51.445	-8.000
-51.490	-8.060
-51.520	-8.075
-51.580	-8.060
POLYLINE BLACK
-52.840	-6.965
-52.750	-7.085
-52.660	-7.235
-52.585	-7.325
-52.570	-7.370
-52.450	-7.535
-52.405	-7.595
-52.360	-7.700
-52.270	-7.805
-52.255	-7.850
-52.210	-7.910
-52.150	-7.955
-52.030	-8.105
-51.970	-8.195
-51.895	-8.360
-51.895	-8.390
-51.865	-8.510
-51.865	-8.660
-51.955	-8.855
-52.105	-8.990
-52.150	-8.990
-52.255	-9.020
-52.420	-9.020
-52.510	-9.050
-52.540	-9.035
-52.585	-9.050
-52.615	-9.035
-52.705	-9.035
-52.765	-9.020
-52.930	-9.020
-53.035	-8.990
-53.080	-8.990
-53.155	-8.930
-53.380	-8.825
-53.560	-8.675
-53.605	-8.615
-53.815	-8.420
-53.830	-8.390
-53.875	-8.360
-54.055	-8.165
-54.100	-8.135
-54.175	-8.030
-54.340	-7.850
-54.550	-7.685
-54.640	-7.640
POLYLINE BLACK
-55.600	-5.000
-55.540	-5.090
-55.525	-5.165
-55.375	-5.510
-55.315	-5.675
-55.315	-5.705
-55.285	-5.765
-55.270	-5.840
-55.240	-5.900
-55.240	-5.930
-55.180	-6.095
-55.180	-6.170
-55.165	-6.230
-55.165	-6.320
-55.150	-6.395
-55.150	-6.485
-55.135	-6.545
-55.105	-6.680
-55.075	-6.740
-55.075	-6.770
-55.030	-6.860
-55.030	-6.905
-54.880	-7.235
-54.850	-7.265
-54.775	-7.430
-54.745	-7.460
-54.730	-7.505
-54.640	-7.595
-54.610	-7.670
-54.520	-7.745
-54.505	-7.775
POLYLINE BLACK
-53.380	-5.990
-53.305	-6.215
-53.305	-6.275
-53.215	-6.470
-53.140	-6.560
-53.110	-6.635
-52.975	-6.800
-52.900	-6.890
-52.885	-6.935
-52.825	-6.980
-52.735	-7.130
POLYLINE BLACK
-53.845	-2.390
-53.845	-2.480
-53.785	-2.690
-53.785	-2.720
-53.695	-2.975
-53.680	-3.050
-53.620	-3.260
-53.590	-3.425
-53.575	-3.830
-53.560	-3.965
-53.575	-3.995
-53.575	-4.100
-53.560	-4.250
-53.560	-4.385
-53.545	-4.475
-53.545	-4.550
-53.530	-4.670
-53.515	-4.730
-53.515	-4.895
-53.500	-4.955
-53.485	-5.090
-53.470	-5.120
-53.470	-5.240
-53.455	-5.300
-53.455	-5.330
-53.440	-5.390
-53.440	-5.420
-53.425	-5.480
-53.425	-5.810
-53.410	-5.840
-53.410	-6.140
-53.395	-6.200
-53.395	-6.230
POLYLINE BLACK
-53.185	-3.410
POLYLINE BLACK
-53.215	-5.135
-53.245	-5.120
POLYLINE BLACK
-53.005	-1.430
-52.975	-1.445
-52.735	-1.430
-52.660	-1.400
-52.645	-1.370
POLYLINE BLACK
-53.965	-1.805
-53.950	-1.835
-53.950	-2.120
-53.935	-2.180
-53.935	-2.210
-53.905	-2.270
-53.905	-2.300
-53.860	-2.435
POLYLINE BLACK
-55.465	-1.490
-55.435	-1.520
-55.285	-1.475
-55.120	-1.475
-55.060	-1.490
-55.000	-1.490
POLYLINE BLACK
-57.040	-1.940
-57.010	-1.925
-56.890	-1.925
-56.800	-1.895
-56.755	-1.895
-56.695	-1.880
-56.620	-1.880
-56.560	-1.835
-56.455	-1.835
-56.410	-1.820
-56.350	-1.820
-56.230	-1.790
-56.185	-1.760
-56.050	-1.730
-55.945	-1.700
-55.915	-1.700
-55.885	-1.670
-55.855	-1.670
-55.795	-1.655
-55.735	-1.610
-55.675	-1.610
-55.645	-1.580
-55.615	-1.580
-55.555	-1.550
-55.525	-1.550
-55.510	-1.520
-55.450	-1.535
-55.420	-1.595
-55.420	-1.700
-55.405	-1.760
-55.405	-1.850
-55.420	-1.910
-55.420	-2.570
-55.435	-2.630
-55.435	-2.690
-55.450	-2.750
-55.450	-2.780
-55.465	-2.840
-55.465	-2.870
-55.480	-2.930
-55.480	-3.005
-55.495	-3.065
-55.495	-3.230
-55.510	-3.290
-55.510	-4.160
-55.525	-4.205
-55.525	-4.340
-55.540	-4.415
-55.555	-4.670
-55.540	-4.820
-55.540	-5.045
-55.525	-5.180
-55.525	-5.240
POLYLINE BLACK
-60.400	-2.525
-60.355	-2.525
-60.295	-2.555
-60.145	-2.570
-60.055	-2.615
-59.680	-2.615
-59.560	-2.585
-59.500	-2.585
-59.470	-2.570
-59.410	-2.585
-59.335	-2.555
-59.275	-2.510
-59.245	-2.510
-59.125	-2.435
-59.095	-2.435
-59.005	-2.375
-58.975	-2.375
-58.780	-2.225
-58.675	-2.180
-58.540	-2.090
-58.285	-2.015
-58.090	-1.955
-58.045	-1.955
-57.940	-1.925
-57.790	-1.925
-57.655	-1.955
-57.595	-1.925
-57.535	-1.940
-57.475	-1.940
-57.385	-1.925
-57.355	-1.940
-57.310	-1.940
-57.250	-1.955
-57.115	-1.925
-56.980	-1.925
POLYLINE BLUE
-66.670	-3.140
-66.670	-3.110
-66.700	-3.005
-66.700	-3.155
-66.685	-3.200
POLYLINE BLUE
-66.700	-3.170
-66.700	-3.215
-66.685	-3.245
POLYLINE BLUE
-67.090	-1.040
-67.090	-1.265
-67.105	-1.580
-67.105	-1.610
POLYLINE BLUE
-67.435	-1.280
-67.450	-1.310
-67.450	-1.820
-67.390	-2.480
-67.360	-2.645
-67.360	-2.855
-67.315	-3.050
POLYLINE BLUE
-66.190	-1.370
-66.055	-2.255
-65.950	-2.705
-65.830	-3.350
-65.725	-3.665
POLYLINE BLUE
-66.085	-1.325
-66.100	-1.625
-66.085	-1.775
POLYLINE BLUE
-65.470	-1.310
-65.485	-1.760
-65.485	-2.210
-65.440	-2.750
-65.305	-3.665
-65.275	-3.800
-65.290	-3.770
POLYLINE BLUE
-64.660	-0.890
-64.630	-1.010
-64.690	-1.640
-64.720	-2.375
-64.705	-3.005
-64.645	-3.665
-64.630	-3.740
POLYLINE BLUE
-63.820	-0.485
-64.030	-2.225
-64.045	-2.645
-64.030	-2.870
-63.985	-3.170
POLYLINE BLUE
-63.265	-0.605
-63.325	-1.070
-63.340	-1.535
-63.310	-2.210
-63.340	-2.360
-63.340	-2.525
-63.325	-2.555
-63.325	-2.600
POLYLINE BLUE
-66.865	-1.760
-66.745	-1.895
-66.715	-1.850
-66.715	-1.790
POLYLINE BLUE
-64.360	1.105
-64.330	0.970
-64.330	0.925
-64.330	0.925
-64.330	0.985
-64.375	1.180
-64.375	1.390
-64.345	1.420
-64.255	1.420
-64.150	1.360
-64.150	1.315
-64.165	1.270
-64.345	1.120
-64.390	1.090
POLYLINE BLUE
-65.050	1.000
-65.035	0.925
-65.035	0.850
-65.020	0.745
-65.020	0.745
-65.020	0.880
-65.080	1.150
-64.990	1.015
-64.930	0.955
-64.810	0.955
-64.780	1.000
-64.735	1.030
-64.660	1.195
-64.540	0.970
-64.480	0.865
POLYLINE BLUE
-65.695	0.925
-65.680	0.895
-65.680	0.850
-65.635	0.685
-65.605	0.625
-65.515	0.580
-65.455	0.580
-65.335	0.655
-65.170	0.880
-65.140	1.015
-65.230	1.075
POLYLINE BLUE
-65.860	0.880
-65.860	0.925
-65.875	0.985
-65.920	1.030
-65.950	1.030
-65.980	1.000
-66.025	0.985
-66.100	0.910
-66.130	0.805
-66.130	0.715
-66.100	0.655
-65.965	0.595
-65.935	0.595
-65.890	0.565
-65.875	0.505
-65.950	0.445
POLYLINE BLUE
-66.745	-1.880
-66.715	-1.670
-66.535	-0.860
-66.340	0.145
-66.250	0.475
-66.235	0.535
POLYLINE BLUE
-66.790	-1.610
-66.820	-1.595
-66.880	-1.670
-66.940	-1.850
-66.955	-1.940
-66.955	-2.075
-66.940	-2.225
-66.865	-2.585
-66.850	-2.645
-66.790	-2.750
-66.730	-2.840
-66.640	-2.915
-66.610	-2.930
-66.550	-2.870
-66.460	-2.870
-66.400	-2.825
-66.370	-2.765
-66.340	-2.750
-66.325	-2.690
-66.325	-2.645
-66.310	-2.585
-66.310	-2.375
-66.340	-2.120
-66.340	-2.045
-66.415	-1.805
-66.445	-1.775
-66.505	-1.655
-66.565	-1.610
-66.580	-1.580
-66.640	-1.550
-66.760	-1.550
-66.790	-1.535
-66.865	-1.565
POLYLINE BLACK
-62.710	-0.275
-62.710	-0.395
-62.695	-0.545
-62.635	-0.665
-62.605	-0.665
-62.455	-0.575
-62.410	-0.515
-62.380	-0.500
POLYLINE BLACK
-62.260	0.310
-62.230	0.295
-62.215	0.325
-62.245	0.310
-62.365	0.070
-62.575	-0.515
-62.575	-0.545
-62.590	-0.575
POLYLINE BLACK
-61.240	1.120
-61.150	0.970
-61.150	1.120
-61.135	1.315
-61.030	1.150
-60.985	1.120
-60.910	1.120
-60.835	1.285
-60.805	1.315
-60.730	1.165
-60.670	1.075
POLYLINE BLACK
-61.510	1.030
-61.465	1.015
-61.360	1.075
POLYLINE BLACK
-61.495	1.060
-61.495	0.940
-61.510	0.910
-61.510	0.835
-61.495	0.895
-61.495	1.090
-61.465	1.270
-61.420	1.255
-61.255	0.895
POLYLINE BLACK
-62.125	0.910
-62.050	0.745
-62.020	0.775
-62.020	0.820
-61.915	1.045
-61.855	1.090
-61.750	1.060
-61.705	1.000
-61.660	0.895
-61.735	0.805
-61.885	0.730
POLYLINE BLACK
-61.195	1.510
-61.195	1.480
-61.120	1.390
-61.090	1.420
-61.090	1.465
-61.045	1.660
-60.985	1.795
-60.985	1.765
-61.015	1.705
-61.015	1.660
-61.075	1.525
-61.075	1.465
-61.060	1.420
-61.000	1.420
-60.925	1.450
-60.895	1.435
POLYLINE BLACK
-61.615	1.555
-61.615	1.495
-61.570	1.435
-61.420	1.390
-61.345	1.405
-61.285	1.465
-61.285	1.525
-61.270	1.585
POLYLINE BLACK
-61.885	1.465
-61.960	1.405
-62.005	1.330
-62.005	1.300
-61.975	1.270
-61.930	1.270
-61.900	1.285
-61.840	1.360
-61.810	1.465
-61.825	1.510
-61.885	1.540
-62.050	1.390
POLYLINE BLACK
-62.365	1.720
-62.395	1.720
-62.470	1.675
-62.590	1.510
-62.605	1.390
-62.590	1.345
-62.590	1.285
-62.500	1.150
-62.410	1.165
-62.305	1.285
-62.305	1.345
-62.335	1.375
-62.365	1.360
-62.335	1.360
-62.305	1.375
POLYLINE BLACK
-62.725	-0.275
-62.725	-0.335
-62.815	-0.410
-62.860	-0.410
-62.980	-0.440
-63.160	-0.455
-63.205	-0.440
-63.235	-0.410
-63.505	-0.335
-63.535	-0.305
-63.685	-0.305
-63.745	-0.290
-63.880	-0.320
-63.910	-0.320
-63.970	-0.335
-64.000	-0.335
-64.030	-0.350
-64.075	-0.350
-64.195	-0.380
-64.270	-0.395
-64.330	-0.425
-64.360	-0.425
-64.420	-0.440
-64.450	-0.440
-64.540	-0.485
-64.570	-0.485
-64.630	-0.545
-64.690	-0.545
-64.810	-0.650
-64.840	-0.650
-64.885	-0.680
-64.930	-0.740
-65.020	-0.770
-65.065	-0.800
-65.125	-0.800
-65.185	-0.845
-65.215	-0.845
-65.275	-0.875
-65.305	-0.875
-65.425	-0.905
-65.575	-0.920
-65.740	-0.920
-65.770	-0.935
-65.875	-0.920
-66.010	-0.935
-66.235	-0.875
-66.370	-0.845
-66.505	-0.845
-66.580	-0.830
-66.685	-0.830
-66.820	-0.860
-66.850	-0.860
-66.910	-0.890
-66.955	-0.890
-67.015	-0.920
-67.045	-0.920
-67.075	-0.935
-67.150	-0.935
-67.165	-0.965
-67.225	-0.950
-67.405	-1.100
-67.450	-1.115
-67.570	-1.220
-67.630	-1.310
-67.705	-1.370
-67.810	-1.535
-67.930	-1.640
-68.050	-1.835
-68.080	-1.970
-68.080	-2.285
-68.035	-2.375
-68.035	-2.405
-67.990	-2.465
-67.990	-2.495
-67.945	-2.555
-67.930	-2.600
-67.810	-2.765
-67.735	-2.795
-67.555	-2.945
-67.510	-2.960
-67.450	-3.020
-67.420	-3.020
-67.390	-3.050
-67.360	-3.050
-67.345	-3.080
-67.225	-3.155
-67.195	-3.185
-67.165	-3.170
-67.045	-3.260
-66.985	-3.305
-66.955	-3.305
-66.895	-3.335
-66.820	-3.335
-66.730	-3.380
-66.700	-3.380
-66.535	-3.440
-66.505	-3.410
-66.445	-3.425
-66.385	-3.470
-66.355	-3.470
POLYLINE BLACK
-62.950	-1.565
-62.935	-1.595
-62.935	-1.670
-62.890	-1.820
-62.815	-1.940
-62.800	-2.000
-62.785	-2.135
-62.785	-2.225
-62.770	-2.285
-62.830	-2.435
-62.920	-2.555
-63.160	-2.750
-63.280	-2.825
-63.445	-2.945
-63.580	-3.035
-63.730	-3.170
-63.835	-3.260
-63.850	-3.290
-63.910	-3.320
-63.940	-3.365
-63.970	-3.380
-64.090	-3.545
-64.180	-3.605
-64.240	-3.695
-64.465	-3.965
-64.525	-4.010
-64.540	-4.040
-64.615	-4.100
-64.645	-4.085
-64.690	-4.160
-64.720	-4.160
-64.780	-4.190
-64.810	-4.190
-64.840	-4.205
-64.870	-4.190
-64.930	-4.205
-64.990	-4.130
-65.050	-4.100
-65.080	-4.100
-65.125	-4.040
-65.245	-3.950
-65.380	-3.920
-65.470	-3.845
-65.680	-3.710
-65.725	-3.710
-65.875	-3.650
-65.935	-3.620
-65.965	-3.620
-66.100	-3.560
-66.130	-3.560
-66.160	-3.530
-66.235	-3.500
-66.265	-3.515
-66.415	-3.455
-66.445	-3.440
POLYLINE BLUE
-62.215	2.515
POLYLINE BLUE
-60.955	-1.220
POLYLINE BLUE
-62.515	-0.515
-62.605	-0.980
-62.635	-1.295
-62.635	-1.460
POLYLINE BLUE
-61.915	-0.230
-61.945	-0.275
-62.050	-0.875
-62.140	-1.895
-62.140	-1.940
POLYLINE BLUE
-60.940	-0.080
-60.925	-0.110
-60.955	-0.305
-61.000	-1.040
-61.045	-1.550
-61.075	-2.060
POLYLINE BLUE
-60.250	0.565
-60.250	0.280
-60.205	-0.275
-60.190	-0.935
-60.265	-1.565
-60.280	-2.000
-60.325	-2.255
-60.310	-2.285
POLYLINE BLUE
-59.290	0.370
-59.320	-0.170
-59.515	-1.310
-59.605	-1.775
-59.695	-2.105
POLYLINE BLUE
-58.180	0.865
-58.180	0.820
-58.360	0.310
-58.510	-0.245
-58.645	-0.650
-58.780	-0.965
-58.885	-1.310
-58.945	-1.625
-58.990	-1.730
POLYLINE BLUE
-57.550	0.880
-57.520	0.850
-57.520	0.700
-57.625	-0.245
-57.850	-1.385
-57.910	-1.940
POLYLINE BLACK
-57.280	1.150
-57.310	1.135
-57.400	1.165
-57.640	1.165
-57.670	1.150
-57.775	1.150
-57.835	1.120
-57.865	1.120
-58.030	1.060
-58.060	1.060
-58.165	0.985
-58.270	0.955
-58.300	0.940
-58.345	0.940
-58.375	0.910
-58.405	0.910
-58.600	0.820
-58.630	0.820
-58.660	0.790
-58.690	0.790
-58.810	0.715
-58.840	0.715
-59.035	0.625
-59.095	0.625
-59.155	0.595
-59.185	0.595
-59.245	0.565
-59.275	0.565
-59.305	0.550
-59.335	0.565
-59.455	0.535
-59.485	0.535
-59.515	0.520
-59.545	0.550
-59.800	0.550
-59.830	0.565
-59.965	0.565
-59.995	0.580
-60.025	0.565
-60.100	0.595
-60.190	0.595
-60.250	0.580
-60.385	0.580
-60.445	0.550
-60.475	0.565
-60.535	0.520
-60.610	0.505
-60.730	0.430
-60.850	0.370
-60.880	0.370
-60.910	0.340
-60.940	0.340
-60.970	0.310
-61.015	0.295
-61.075	0.250
-61.135	0.250
-61.360	0.100
-61.480	0.040
-61.510	0.040
-61.570	-0.020
-61.600	-0.020
-61.630	-0.035
-61.645	-0.065
-61.675	-0.080
-61.720	-0.080
-61.810	-0.125
-61.840	-0.125
-61.960	-0.155
-61.990	-0.185
-62.050	-0.185
-62.110	-0.215
-62.140	-0.200
-62.230	-0.245
-62.260	-0.245
-62.425	-0.305
-62.455	-0.290
-62.515	-0.320
-62.590	-0.335
-62.650	-0.365
-62.680	-0.350
-62.830	-0.455
-62.875	-0.545
-62.875	-0.575
-62.890	-0.605
-62.890	-0.650
-62.905	-0.710
-62.935	-0.890
-62.935	-0.950
-62.965	-1.070
-62.965	-1.100
-62.980	-1.130
-62.980	-1.175
-62.995	-1.235
-62.995	-1.340
-63.010	-1.400
-63.010	-1.490
-62.995	-1.550
-62.920	-1.670
-62.890	-1.730
-62.680	-1.850
-62.470	-1.925
-62.410	-1.925
-62.335	-1.955
-62.305	-1.940
-62.275	-1.970
-62.245	-1.955
-62.125	-1.985
-62.095	-1.985
-61.990	-2.030
-61.960	-2.015
-61.840	-2.105
-61.705	-2.165
-61.615	-2.240
-61.585	-2.240
-61.375	-2.300
-61.315	-2.300
-61.285	-2.315
-61.240	-2.315
-61.090	-2.405
-61.060	-2.405
-61.030	-2.390
-61.000	-2.405
-60.925	-2.405
-60.865	-2.420
-60.760	-2.420
-60.700	-2.435
-60.670	-2.435
-60.610	-2.450
-60.550	-2.450
-60.490	-2.480
-60.475	-2.450
-60.385	-2.510
POLYLINE BLACK
-59.290	0.385
-59.320	0.370
-59.320	0.340
-59.350	0.340
POLYLINE BLACK
-61.045	-3.590
-61.090	-3.605
POLYLINE BLACK
-53.530	-0.035
-53.560	-0.110
-53.695	-0.305
-53.695	-0.335
-53.665	-0.335
-53.635	-0.320
-53.530	-0.320
-53.470	-0.290
-53.440	-0.290
POLYLINE BLACK
-55.075	-1.460
-55.045	-1.430
-55.015	-1.430
-54.955	-1.400
-54.820	-1.385
-54.685	-1.355
-54.460	-1.355
-54.400	-1.370
-54.325	-1.370
-54.040	-1.460
-53.935	-1.520
-53.905	-1.520
-53.890	-1.550
-53.860	-1.565
-53.845	-1.640
POLYLINE BLACK
-52.960	-0.710
-53.050	-0.920
-53.050	-1.280
-53.020	-1.415
-53.005	-1.490
POLYLINE BLUE
-56.755	1.060
-56.800	0.970
-56.890	0.715
-57.010	0.265
-57.115	-0.395
-57.145	-1.145
POLYLINE BLUE
-56.725	-0.560
-56.665	-0.380
-56.290	0.445
-56.035	1.060
-55.990	1.225
POLYLINE BLUE
-56.545	-0.875
-56.455	-0.755
-55.645	-0.110
-55.240	0.145
POLYLINE BLUE
-55.780	-0.905
-55.750	-0.920
-55.360	-0.830
-54.955	-0.650
POLYLINE BLACK
-55.450	1.465
-55.450	1.495
-55.495	1.555
-55.525	1.570
-55.585	1.555
-55.615	1.555
-55.645	1.570
-55.855	1.570
-55.885	1.585
-55.960	1.570
-56.005	1.570
-56.290	1.495
-56.425	1.405
-56.470	1.405
-56.680	1.315
-56.710	1.315
-56.830	1.240
-56.860	1.240
-56.980	1.165
-57.085	1.120
-57.115	1.135
-57.175	1.105
-57.220	1.105
-57.280	1.090
-57.340	1.090
POLYLINE BLACK
-54.220	0.430
-54.265	0.490
-54.310	0.520
-54.340	0.520
-54.490	0.640
-54.505	0.685
-54.580	0.775
-54.790	0.955
-54.850	1.030
-54.940	1.090
-55.000	1.135
-55.015	1.165
-55.060	1.195
-55.105	1.255
-55.360	1.435
-55.390	1.435
-55.450	1.495
-55.480	1.495
POLYLINE BLACK
-55.060	-1.340
-55.060	-1.160
-55.030	-1.100
-55.030	-1.055
-54.985	-0.905
-54.985	-0.815
-54.955	-0.755
-54.955	-0.695
-54.910	-0.620
-54.910	-0.590
-54.835	-0.425
-54.700	-0.230
-54.670	-0.155
-54.490	0.085
-54.460	0.115
-54.445	0.160
-54.415	0.190
-54.415	0.220
-54.340	0.310
-54.280	0.355
-54.220	0.355
-54.190	0.370
-54.160	0.355
-54.145	0.385
POLYLINE BLUE
-54.475	-2.300
-54.505	-2.360
-54.235	-2.705
-54.115	-2.930
-54.085	-3.050
POLYLINE BLUE
-54.535	-2.420
-54.550	-2.495
-54.580	-2.585
-54.715	-2.840
-54.865	-3.065
POLYLINE BLUE
-54.445	-2.495
-54.460	-2.705
-54.565	-3.290
-54.610	-3.440
-54.640	-3.590
-54.670	-3.695
POLYLINE BLACK
-55.015	-2.345
POLYLINE BLACK
-52.855	-1.490
-52.915	-1.520
-52.975	-1.505
-53.170	-1.520
-53.410	-1.460
-53.530	-1.460
-53.590	-1.445
-53.680	-1.475
-53.770	-1.550
-53.800	-1.565
-53.905	-1.685
-53.905	-1.745
-53.920	-1.805
-53.920	-1.940
-53.890	-1.970
POLYLINE BLACK
-51.370	-0.365
-51.445	-0.380
-51.460	-0.410
-51.505	-0.440
-51.565	-0.455
-51.595	-0.485
-51.685	-0.515
-51.805	-0.590
-52.045	-0.740
-52.105	-0.785
-52.135	-0.785
-52.165	-0.815
-52.225	-0.815
-52.255	-0.845
-52.285	-0.845
-52.315	-0.875
-52.345	-0.875
-52.405	-0.890
-52.435	-0.890
-52.465	-0.920
-52.495	-0.920
-52.525	-0.905
-52.585	-0.920
-52.615	-0.920
-52.675	-0.935
-52.765	-0.935
-52.795	-0.905
-52.825	-0.905
-52.855	-0.875
-52.885	-0.875
-52.930	-0.770
-52.930	-0.740
-53.080	-0.530
-53.080	-0.500
-53.170	-0.335
-53.290	-0.185
-53.350	-0.155
-53.350	-0.125
-53.410	-0.080
-53.440	-0.020
-53.650	0.115
-53.710	0.115
-53.800	0.175
-53.830	0.175
-53.860	0.190
-53.875	0.220
-53.995	0.295
-54.085	0.370
-54.115	0.370
-54.175	0.415
-54.190	0.385
-54.220	0.415
-54.250	0.385
-54.250	0.415
POLYLINE BLACK
-51.550	4.675
-51.580	4.645
-51.580	4.615
POLYLINE BLACK
-51.520	4.240
-51.580	4.225
POLYLINE BLACK
-49.585	0.580
POLYLINE BLACK
-51.385	-0.305
-51.415	-0.275
-51.430	-0.305
-51.460	-0.290
POLYLINE BLACK
-50.695	-1.565
-50.860	-1.565
-50.965	-1.520
-51.070	-1.490
-51.160	-1.430
-51.190	-1.430
-51.220	-1.415
-51.265	-1.415
-51.475	-1.310
-51.505	-1.280
-51.535	-1.280
-51.595	-1.265
-51.640	-1.265
-51.760	-1.205
-51.790	-1.205
-51.850	-1.220
-51.880	-1.205
-51.940	-1.220
-52.075	-1.220
-52.105	-1.235
-52.150	-1.220
-52.210	-1.235
-52.240	-1.235
-52.300	-1.250
-52.330	-1.280
-52.360	-1.280
-52.420	-1.310
-52.450	-1.310
-52.510	-1.340
-52.540	-1.340
-52.570	-1.355
-52.615	-1.355
-52.735	-1.400
POLYLINE BLACK
-45.170	2.330
-45.390	2.230
POLYLINE BLACK
-48.750	2.090
-48.810	1.910
-48.830	1.770
-48.830	1.670
-48.770	1.730
-48.590	1.790
-48.490	1.830
POLYLINE BLACK
-47.590	3.510
-48.050	2.870
-48.410	2.410
-48.530	2.170
-48.570	2.130
-48.570	2.090
-48.630	1.990
-48.710	1.810
POLYLINE BLACK
-46.150	3.550
-46.190	3.510
-46.210	3.370
-46.190	3.330
-46.090	3.550
-46.050	3.810
-46.050	3.890
-45.990	3.710
-45.850	3.590
-45.690	3.570
-45.490	3.710
-45.370	3.890
-45.310	3.650
-45.250	3.490
POLYLINE BLACK
-46.730	3.490
-46.670	3.490
-46.550	3.530
-46.410	3.490
POLYLINE BLACK
-46.830	3.530
-46.830	3.430
-46.890	3.230
-46.890	3.230
-46.750	3.650
-46.650	3.950
-46.610	3.890
-46.530	3.570
-46.470	3.470
-46.370	3.330
POLYLINE BLACK
-47.290	3.550
-47.290	3.370
-47.270	3.270
-47.270	3.210
-47.250	3.170
-47.250	3.470
-47.190	3.690
-47.130	3.770
-47.070	3.710
-46.990	3.530
-46.950	3.350
-47.010	3.190
-47.110	3.130
-47.190	3.130
-47.230	3.110
POLYLINE BLACK
-46.110	4.430
-46.070	4.310
-46.070	4.150
-46.090	4.070
-46.110	4.110
-46.050	4.330
-46.050	4.390
-45.930	4.750
-45.770	4.950
-45.750	4.890
-45.810	4.790
-45.830	4.710
-46.030	4.430
-46.050	4.330
-45.990	4.250
-45.890	4.210
-45.790	4.210
-45.750	4.230
POLYLINE BLACK
-46.770	4.410
-46.770	4.190
-46.790	4.150
-46.790	4.190
-46.750	4.070
-46.650	3.990
-46.590	3.990
-46.370	4.070
-46.270	4.450
-46.270	4.530
POLYLINE BLACK
-47.050	4.470
-47.050	4.510
-47.090	4.530
-47.310	4.290
-47.330	4.190
-47.310	4.130
-47.230	4.090
-47.130	4.150
-46.950	4.330
-46.950	4.370
-47.050	4.430
POLYLINE BLACK
-47.550	4.610
-47.570	4.710
-47.570	4.750
-47.710	4.710
-47.850	4.570
-47.950	4.370
-47.970	4.190
-47.930	4.090
-47.850	4.010
-47.790	4.010
-47.750	3.990
-47.650	4.090
-47.630	4.170
-47.710	4.250
-47.750	4.250
-47.590	4.310
-47.390	4.310
POLYLINE BLUE
-44.990	-0.150
-44.990	-0.190
-45.870	-1.230
POLYLINE BLUE
-44.730	1.310
-44.710	1.250
-45.370	0.390
-46.150	-0.790
-46.410	-1.150
-46.410	-1.190
POLYLINE BLUE
-45.510	0.970
-45.430	1.050
-45.430	1.050
-45.610	0.910
-46.990	-0.470
-47.230	-0.790
POLYLINE BLUE
-46.390	1.210
-46.310	1.350
-46.470	1.090
-47.090	-0.110
-47.490	-1.030
POLYLINE BLUE
-47.250	1.650
-47.250	1.610
-47.290	1.530
-47.450	0.710
-47.450	0.610
-47.670	-0.450
-47.730	-0.610
-47.750	-0.810
-47.830	-1.070
POLYLINE BLUE
-48.230	1.210
-48.230	1.350
-48.210	1.390
-48.170	0.450
-48.090	-0.530
-48.090	-0.710
-48.070	-0.750
-48.090	-0.790
POLYLINE BLUE
-48.810	0.910
-48.830	1.010
-48.910	0.990
-48.990	1.010
-49.010	0.970
-48.870	0.490
-48.490	-0.410
-48.390	-0.550
POLYLINE BLUE
-49.750	0.250
-49.350	-0.410
-49.210	-0.610
POLYLINE BLUE
-50.030	-0.650
-50.030	-0.610
-50.070	-0.630
-50.150	-0.590
-50.070	-0.690
-49.970	-0.750
-49.770	-0.930
-49.590	-1.050
POLYLINE BLUE
-44.530	1.230
-44.510	1.130
-44.510	1.050
-44.530	0.970
-44.510	0.890
-44.510	0.430
-44.490	0.390
-44.490	0.310
-44.470	0.210
-44.450	0.050
-44.430	-0.130
-44.430	-0.430
-44.450	-0.510
-44.450	-0.730
-44.490	-0.950
-44.490	-1.030
-44.550	-1.270
-44.630	-1.450
POLYLINE BLACK
-44.850	-1.450
-44.930	-1.430
-45.070	-1.390
-45.110	-1.350
-45.270	-1.350
-45.630	-1.310
-45.830	-1.350
-45.950	-1.350
-45.990	-1.330
-46.090	-1.350
-46.170	-1.330
-46.290	-1.370
-46.490	-1.370
-46.610	-1.330
-46.670	-1.330
-46.950	-1.230
-47.030	-1.210
-47.070	-1.170
-47.230	-1.130
-47.430	-1.070
-47.510	-1.070
-47.710	-1.010
-47.790	-1.010
-47.970	-0.970
-48.030	-0.970
-48.070	-0.930
-48.170	-0.930
-48.410	-0.850
-48.490	-0.830
-48.670	-0.790
-48.750	-0.770
-48.870	-0.730
-48.950	-0.730
-49.030	-0.690
POLYLINE BLACK
-47.410	1.790
-47.570	1.730
-47.610	1.730
-47.650	1.690
-47.790	1.670
-47.950	1.550
-48.030	1.550
-48.070	1.510
-48.150	1.510
-48.230	1.450
-48.350	1.430
-48.450	1.330
-48.730	1.210
-48.850	1.130
-48.890	1.130
-49.250	0.850
-49.550	0.470
-49.590	0.370
-49.790	0.130
-50.010	-0.270
-50.010	-0.330
-50.110	-0.610
-50.250	-1.030
-50.270	-1.110
-50.310	-1.150
-50.310	-1.190
-50.370	-1.270
POLYLINE BLACK
-49.050	-0.730
-49.070	-0.650
-49.190	-0.610
-49.290	-0.630
-49.370	-0.630
-49.450	-0.650
-49.570	-0.750
-49.750	-0.870
-49.970	-1.090
-50.050	-1.130
-50.150	-1.250
-50.210	-1.270
-50.230	-1.310
-50.270	-1.310
-50.390	-1.390
-50.430	-1.390
-50.510	-1.450
-50.590	-1.470
-50.630	-1.510
-50.710	-1.510
-50.730	-1.550
-50.770	-1.510
-50.850	-1.570
POLYLINE BLACK
-46.090	1.310
-46.230	1.450
-46.350	1.550
-46.430	1.570
-46.510	1.590
-46.710	1.630
-46.830	1.630
-46.910	1.650
-46.990	1.630
-47.110	1.670
-47.150	1.630
-47.190	1.650
-47.230	1.630
-47.310	1.650
-47.350	1.690
-47.390	1.670
-47.430	1.710
-47.430	1.670
-47.490	1.730
-47.530	1.730
-47.610	1.790
-47.630	1.750
-47.650	1.790
-47.690	1.790
-47.730	1.830
-47.830	1.850
-48.030	1.970
-48.410	2.090
-48.790	2.170
-48.950	2.170
-49.030	2.130
-49.070	2.150
-49.210	2.130
-49.250	2.130
-49.430	2.010
-49.470	2.030
-49.710	1.950
-49.950	1.770
-50.010	1.670
POLYLINE BLACK
-48.710	-0.590
-48.750	-0.590
POLYLINE BLACK
-43.190	9.450
POLYLINE BLACK
-43.220	9.330
POLYLINE BLACK
-43.010	9.480
POLYLINE BLACK
-43.700	-2.100
-43.760	-2.130
-43.940	-2.070
-44.000	-1.980
-44.120	-1.980
-44.360	-1.830
-44.480	-1.710
-44.630	-1.620
-44.690	-1.560
-44.750	-1.560
-44.840	-1.470
POLYLINE BLACK
-45.020	1.230
-45.260	1.200
-45.530	1.260
-45.650	1.260
-45.890	1.320
-45.950	1.320
-46.070	1.410
-46.190	1.440
-46.250	1.500
-46.370	1.530
-46.430	1.560
POLYLINE BLACK
-33.260	0.720
-33.410	0.690
-33.530	0.720
-33.650	0.660
-33.860	0.660
-34.130	0.600
-34.190	0.630
-34.280	0.600
-34.340	0.630
-34.610	0.570
-34.880	0.570
-34.940	0.540
-35.060	0.570
-35.180	0.600
-35.240	0.570
-35.390	0.600
-35.450	0.570
-35.570	0.600
-35.630	0.570
-35.900	0.630
-36.080	0.630
-36.320	0.660
-36.380	0.630
-36.710	0.690
-36.830	0.720
-37.040	0.750
-37.370	0.780
-37.550	0.780
-37.820	0.870
-38.120	0.900
-38.240	0.930
-38.360	0.960
-38.450	0.990
-38.720	0.930
-38.810	0.930
-38.930	0.960
-39.080	0.960
-39.590	1.080
-39.860	1.110
-39.980	1.110
-40.100	1.140
-40.430	1.200
-40.670	1.260
-40.850	1.320
-40.970	1.350
-41.090	1.380
-41.330	1.380
-41.750	1.500
-41.810	1.470
-41.870	1.530
-41.930	1.500
-42.050	1.530
-42.170	1.500
-42.290	1.470
-42.350	1.440
-42.470	1.470
-42.590	1.440
-42.680	1.440
-42.920	1.380
-42.980	1.320
-43.250	1.290
-43.370	1.260
-43.580	1.200
-43.820	1.170
-44.060	1.170
-44.120	1.200
-44.180	1.170
-44.210	1.230
-44.240	1.170
-44.450	1.170
-44.690	1.230
-45.230	1.230
POLYLINE BLACK
-44.390	-1.380
-44.330	-1.590
-44.330	-1.740
-44.300	-1.860
POLYLINE BLACK
-33.230	0.780
POLYLINE BLACK
-36.320	-2.100
-36.680	-1.770
-36.920	-1.620
-37.160	-1.590
-37.490	-1.560
-37.820	-1.590
-37.940	-1.560
-38.060	-1.590
-38.270	-1.590
-38.480	-1.680
-38.600	-1.650
-38.750	-1.680
-39.740	-1.680
-39.860	-1.650
-39.980	-1.680
-40.130	-1.680
-40.190	-1.710
-40.250	-1.680
-40.400	-1.710
-40.460	-1.680
-40.580	-1.710
-40.700	-1.740
-40.790	-1.770
-40.850	-1.740
-41.150	-1.800
-41.300	-1.830
-41.360	-1.800
-41.630	-1.890
-41.720	-1.890
-41.840	-1.920
-41.990	-1.950
-42.050	-1.920
-42.230	-2.010
-42.350	-2.010
-42.440	-1.980
-42.560	-2.010
-42.680	-2.010
-42.800	-2.040
-43.070	-2.040
-43.220	-2.070
-43.340	-2.040
-43.490	-2.040
-43.610	-2.070
-43.670	-2.010
-43.790	-1.980
-44.120	-1.830
-44.180	-1.800
POLYLINE BLACK
-27.200	-1.950
-27.170	-2.070
-27.470	-1.740
-27.560	-1.650
-27.860	-1.410
-28.070	-1.200
-28.220	-1.170
-28.280	-1.110
-28.340	-1.110
-28.550	-0.900
-28.610	-0.900
-28.850	-0.720
-28.940	-0.630
-29.000	-0.630
-29.060	-0.570
-29.180	-0.540
-29.930	-0.090
-30.020	0.000
-30.440	0.330
-30.740	0.570
-30.980	0.720
-31.340	0.810
-31.640	0.900
-31.910	0.960
-32.090	1.050
-32.270	1.020
-32.270	0.960
-32.390	0.960
-32.510	0.930
-32.630	0.930
-32.690	0.960
-32.810	0.930
-32.960	0.960
-33.020	0.900
-33.080	0.930
-33.200	0.840
-33.320	0.810
-33.380	0.780
-33.320	0.750
POLYLINE BLACK
-28.490	6.420
POLYLINE BLACK
-28.520	-3.960
-28.700	-3.630
-28.850	-3.480
-29.240	-3.210
-29.360	-3.180
-29.900	-3.030
-30.020	-3.030
-30.260	-2.970
-30.320	-2.970
-30.380	-2.910
-30.590	-2.910
-30.980	-2.760
-31.100	-2.670
-31.160	-2.670
-31.280	-2.550
-31.550	-2.400
-31.670	-2.250
-31.730	-2.250
-31.760	-2.190
-31.820	-2.190
-31.880	-2.100
-31.940	-2.100
-32.000	-2.040
-32.120	-2.100
-32.240	-2.070
-32.480	-2.040
-32.720	-2.040
-32.840	-2.010
-33.170	-2.070
-33.290	-2.160
-33.350	-2.130
-33.410	-2.160
-33.530	-2.130
-33.680	-2.160
-33.890	-2.160
-34.130	-2.220
-34.190	-2.190
-34.340	-2.220
-34.580	-2.280
-34.640	-2.310
-34.820	-2.250
-34.940	-2.280
-35.060	-2.250
-35.120	-2.280
-35.360	-2.220
-35.480	-2.190
-35.600	-2.220
-35.660	-2.160
-35.840	-2.160
-36.260	-2.040
-36.500	-1.860
-36.530	-1.800
POLYLINE BLACK
-28.460	-4.020
-28.460	-4.080
-28.550	-3.900
-28.580	-3.780
-28.670	-3.510
-28.670	-3.450
POLYLINE BLACK
-25.910	-3.480
-25.970	-3.450
-26.030	-3.480
-26.150	-3.450
-26.150	-3.390
-26.300	-3.300
-26.480	-3.090
-26.480	-3.030
-26.720	-2.550
-26.720	-2.490
-26.780	-2.460
-26.870	-2.250
-26.990	-2.160
-27.020	-2.070
-27.140	-1.980
-27.260	-1.980
-27.380	-1.920
-27.440	-1.950
POLYLINE BLACK
-22.460	-8.370
-22.790	-8.040
-23.360	-7.410
-23.390	-7.350
-23.450	-7.350
-23.660	-7.140
-23.840	-7.020
-23.960	-7.020
-24.080	-6.960
-24.200	-6.990
-24.320	-6.990
-24.560	-7.050
-24.740	-7.050
-24.830	-7.020
-25.190	-7.110
-25.310	-7.080
-25.550	-7.080
-25.610	-7.050
-25.670	-7.110
-25.790	-7.110
-25.850	-7.080
-25.910	-7.110
-26.060	-7.050
-26.120	-7.080
-26.240	-6.960
-26.360	-6.930
-26.420	-6.870
-26.540	-6.840
-26.690	-6.780
-26.750	-6.720
-26.870	-6.690
-27.320	-6.240
-27.740	-5.850
-27.830	-5.820
-27.950	-5.640
-28.040	-5.550
-28.130	-5.280
-28.220	-4.920
-28.250	-4.770
-28.250	-4.650
-28.340	-4.530
-28.310	-4.410
-28.460	-4.110
-28.490	-3.840
-28.520	-3.720
POLYLINE BLACK
-28.760	1.950
-28.760	1.890
POLYLINE BLACK
-19.610	-6.990
-20.000	-6.420
-20.510	-6.120
-20.630	-6.090
-20.990	-5.940
-21.080	-5.880
-21.140	-5.880
-21.290	-5.790
-21.800	-5.460
-22.070	-5.280
-22.520	-4.950
-22.760	-4.860
-23.060	-4.590
-23.570	-4.260
-23.630	-4.260
-23.690	-4.200
-23.810	-4.200
-24.020	-4.410
-24.140	-4.740
-24.170	-4.860
-24.260	-5.040
-24.290	-5.190
-24.530	-5.490
-24.770	-5.640
-24.890	-5.640
-25.010	-5.670
-25.130	-5.640
-25.250	-5.430
-25.220	-5.280
-25.340	-4.860
-25.430	-4.590
-25.550	-4.170
-25.550	-4.080
-25.670	-3.750
-25.820	-3.600
-26.090	-3.360
-26.210	-3.360
-26.330	-3.270
POLYLINE BLACK
-20.240	1.200
POLYLINE BLACK
-19.880	1.080
POLYLINE BLACK
-24.380	0.480
POLYLINE BLACK
-19.670	-6.870
-19.670	-6.930
-19.850	-6.810
-20.330	-6.810
-20.450	-6.750
POLYLINE BLACK
-15.920	-10.200
-16.040	-10.170
-16.400	-9.960
-16.460	-9.960
-16.760	-9.750
-16.940	-9.690
-17.180	-9.540
-17.300	-9.510
-17.480	-9.450
-17.780	-9.420
-17.840	-9.360
-17.900	-9.360
-17.990	-9.240
-17.990	-9.090
-17.960	-8.970
-17.780	-8.970
-17.660	-8.910
-17.600	-8.820
-17.660	-8.700
-17.720	-8.700
-17.840	-8.520
-18.020	-8.430
-18.170	-8.430
-18.410	-8.250
-18.500	-8.160
-18.590	-8.070
-18.950	-7.440
-19.580	-6.930
-19.820	-6.750
-19.880	-6.750
POLYLINE BLACK
-13.400	-11.190
-13.520	-11.460
-13.520	-11.400
-13.640	-11.370
-13.790	-11.370
-14.180	-11.280
-14.450	-11.070
-14.750	-10.620
-14.870	-10.500
-14.990	-10.470
-15.620	-10.170
-15.680	-10.170
-15.830	-10.080
-16.010	-10.020
-16.280	-9.870
POLYLINE BLACK
-10.760	-13.140
-10.790	-13.080
-11.090	-13.080
-11.210	-13.050
-11.300	-13.080
-11.480	-13.020
-11.600	-13.050
-11.750	-13.020
-11.990	-13.020
-12.080	-12.990
-12.320	-13.020
-12.380	-12.990
-12.500	-13.020
-12.830	-12.990
-12.950	-12.960
-13.340	-12.840
-13.430	-12.780
-13.550	-12.780
-13.880	-12.570
-13.940	-12.570
-14.180	-12.420
-14.270	-12.420
-14.450	-12.300
-14.570	-12.300
-14.840	-12.240
-15.080	-12.270
-15.170	-12.240
-15.290	-12.270
-15.470	-12.270
-15.530	-12.300
-15.650	-12.270
-15.770	-12.300
-16.010	-12.210
-16.070	-12.240
-16.670	-12.030
-16.790	-12.000
-17.060	-11.850
-17.360	-11.730
-17.450	-11.730
-17.570	-11.640
-17.720	-11.580
-17.780	-11.520
-17.900	-11.490
-18.050	-11.400
-18.170	-11.310
-18.230	-11.310
-18.290	-11.250
-18.410	-11.220
-18.530	-11.130
-18.590	-11.160
-18.620	-11.100
-18.680	-11.100
-18.980	-10.770
-18.980	-10.650
-19.070	-10.500
-19.250	-10.200
-19.460	-9.930
-19.790	-9.570
-20.180	-9.180
-20.360	-9.060
-20.540	-9.030
-20.600	-8.970
-20.720	-9.000
-20.840	-8.970
-20.900	-9.000
-21.170	-8.910
-21.290	-8.940
-21.410	-8.910
-21.830	-8.790
-22.010	-8.670
-22.460	-8.520
-22.670	-8.220
-22.730	-8.190
POLYLINE BLACK
-24.590	-0.030
POLYLINE BLACK
-19.070	-2.430
POLYLINE BLACK
-19.100	-2.250
POLYLINE BLACK
-10.760	-4.380
-10.820	-4.320
POLYLINE BLACK
-2.630	-11.370
-2.900	-11.370
-2.960	-11.340
-3.500	-11.550
-3.560	-11.550
-4.040	-11.790
-4.160	-11.790
-4.490	-11.910
-4.550	-11.970
-4.670	-12.000
-4.760	-12.030
-4.880	-12.000
-5.000	-12.090
-5.150	-12.120
-5.390	-12.210
-5.510	-12.240
-5.570	-12.300
-5.960	-12.450
-6.590	-12.660
-6.770	-12.720
-7.310	-13.110
-7.520	-13.260
-7.760	-13.560
-8.000	-13.710
-8.120	-13.740
-8.240	-13.770
-8.450	-13.800
-8.570	-13.770
-8.930	-13.770
-8.990	-13.740
-9.050	-13.770
-9.230	-13.680
-9.290	-13.710
-9.410	-13.650
-9.500	-13.650
-9.740	-13.590
-9.800	-13.530
-9.860	-13.560
-10.040	-13.410
-10.250	-13.410
-10.430	-13.290
-10.550	-13.110
-10.880	-12.960
-10.910	-12.900
-10.910	-12.960
POLYLINE BLACK
-6.680	-10.860
-6.650	-10.980
-6.770	-11.010
-6.950	-11.100
-6.980	-11.160
-7.100	-11.190
-7.430	-11.310
-7.610	-11.430
-7.670	-11.430
-7.730	-11.370
-7.850	-11.460
-8.180	-11.520
-8.420	-11.520
-8.480	-11.490
-8.660	-11.550
-8.930	-11.580
-9.170	-11.670
-9.230	-11.640
-9.290	-11.670
-9.350	-11.640
-9.470	-11.670
-9.590	-11.580
-9.590	-11.400
-9.470	-11.070
-9.230	-10.770
-9.170	-10.650
-9.020	-10.500
-8.930	-10.170
-8.930	-9.990
-8.990	-9.930
-9.110	-9.930
-9.290	-9.810
-9.530	-9.780
-9.890	-9.720
-10.100	-9.720
-10.220	-9.660
-10.340	-9.690
-10.460	-9.720
-10.640	-9.780
-10.700	-9.750
-10.820	-9.780
-10.940	-9.750
-11.210	-9.750
-11.570	-9.630
-11.810	-9.570
-11.870	-9.540
-11.930	-9.570
-11.990	-9.540
-12.410	-9.720
-12.680	-10.020
-12.830	-10.200
-12.890	-10.200
-13.370	-10.740
-13.460	-10.830
-13.610	-11.010
POLYLINE BLACK
-17.060	-3.360
-17.060	-3.300
POLYLINE BLACK
-16.850	-3.240
POLYLINE BLACK
-16.970	-3.030
POLYLINE BLACK
-16.790	-3.330
POLYLINE BLACK
-11.330	-2.640
POLYLINE BLACK
-1.280	-10.500
-1.250	-10.560
-1.430	-10.740
-1.490	-10.740
-1.640	-10.830
-1.760	-10.830
-1.820	-10.890
-1.970	-10.950
-2.030	-11.010
-2.210	-11.040
-2.270	-11.100
-2.390	-11.100
-2.510	-11.130
-2.570	-11.190
-2.630	-11.160
-2.750	-11.190
-2.840	-11.190
-2.900	-11.220
POLYLINE BLACK
-4.280	-6.900
-4.250	-6.780
-4.250	-6.510
-4.220	-6.390
-4.220	-6.210
POLYLINE BLACK
-4.340	-6.480
-4.310	-6.600
-4.310	-6.840
-4.430	-7.230
-4.460	-7.350
-4.670	-7.650
-4.910	-7.950
-5.270	-8.370
-5.420	-8.520
-5.420	-8.580
-5.570	-8.730
-5.630	-8.880
-5.810	-9.120
-6.050	-9.630
-6.140	-9.750
-6.140	-9.810
-6.350	-10.110
-6.350	-10.170
-6.590	-10.470
-6.800	-10.680
-6.860	-10.680
POLYLINE BLACK
-4.610	-3.690
-4.610	-3.630
-4.700	-4.020
-4.760	-4.350
-4.760	-4.680
-4.730	-4.800
-4.730	-4.800
-4.730	-4.110
-4.640	-3.720
-4.520	-3.510
POLYLINE BLACK
-4.430	-3.720
-4.460	-3.870
-4.670	-4.170
-4.700	-4.290
-4.730	-4.410
-4.730	-4.770
-4.640	-5.160
-4.490	-5.670
-4.370	-6.030
-4.370	-6.120
-4.280	-6.300
POLYLINE GRAY
-5.180	0.480
POLYLINE BLACK
-2.960	-2.490
POLYLINE BLACK
-2.870	-2.640
POLYLINE BLACK
-2.900	-2.550
POLYLINE BLACK
-3.020	-2.610
POLYLINE BLACK
0.520	-12.150
0.550	-12.030
0.520	-11.940
POLYLINE BLACK
-1.250	-9.990
-1.310	-9.990
-1.310	-9.930
-1.370	-9.900
POLYLINE BLACK
3.520	-6.150
POLYLINE BLACK
0.880	-6.150
POLYLINE BLACK
0.760	-6.195
POLYLINE BLACK
-0.770	-6.105
POLYLINE BLACK
-0.830	-6.150
POLYLINE BLACK
-0.890	-6.150
POLYLINE BLACK
-0.965	-6.255
POLYLINE BLACK
-0.740	-6.150
-0.770	-6.135
POLYLINE BLACK
-0.965	-6.075
-0.965	-6.105
POLYLINE BLACK
-0.260	-6.090
-0.320	-6.075
-0.350	-6.105
-0.635	-6.675
POLYLINE BLACK
-0.890	-6.315
-0.905	-6.255
POLYLINE BLACK
-0.845	-6.300
-0.845	-6.270
POLYLINE BLACK
-1.490	-9.720
-1.505	-9.750
-1.490	-9.780
-1.505	-9.810
-1.490	-9.840
POLYLINE BLACK
3.385	-6.000
POLYLINE BLACK
3.385	-6.105
POLYLINE BLACK
-0.815	-5.925
POLYLINE BLACK
-1.040	-6.045
POLYLINE BLACK
0.400	-11.805
POLYLINE BLACK
0.415	-11.730
POLYLINE BLACK
0.490	-11.895
0.445	-11.805
POLYLINE BLACK
-0.875	-6.120
POLYLINE BLACK
-0.875	-5.970
-0.890	-6.000
POLYLINE BLACK
2.395	-6.150
POLYLINE BLACK
2.410	-6.180
POLYLINE BLACK
2.740	-6.105
POLYLINE BLACK
3.325	-6.075
POLYLINE BLACK
-0.800	-6.045
-0.785	-6.090
POLYLINE BLACK
-0.755	-6.075
POLYLINE BLACK
-0.995	-6.300
-0.995	-6.270
-1.010	-6.240
POLYLINE BLACK
-0.860	-6.210
-0.860	-6.180
POLYLINE BLACK
-1.385	-9.765
-1.400	-9.795
POLYLINE BLACK
-1.475	-9.825
POLYLINE BLACK
-0.770	-6.105
POLYLINE BLACK
-0.860	-6.240
POLYLINE BLACK
-0.815	-6.255
POLYLINE BLACK
-0.770	-6.105
POLYLINE BLACK
-0.920	-6.360
-0.920	-6.390
-0.935	-6.315
-0.935	-6.285
-0.920	-6.225
-0.920	-6.255
POLYLINE BLACK
-0.890	-6.225
-0.890	-6.180
POLYLINE BLACK
-1.025	-6.075
-1.040	-6.045
-1.010	-6.075
POLYLINE BLACK
-0.695	-6.330
POLYLINE BLACK
-0.845	-6.225
-0.860	-6.255
POLYLINE BLACK
-0.935	-6.240
-0.935	-6.195
POLYLINE BLACK
-0.980	-6.330
POLYLINE BLACK
-0.815	-6.195
-0.815	-6.225
POLYLINE BLACK
-1.475	-9.495
POLYLINE BLACK
0.385	-11.745
POLYLINE BLACK
0.565	-12.330
0.580	-12.360
0.640	-12.405
0.730	-12.570
0.850	-12.660
0.910	-12.690
0.970	-12.690
0.985	-12.720
1.045	-12.690
1.075	-12.705
1.120	-12.675
1.150	-12.675
1.240	-12.600
1.270	-12.600
1.330	-12.555
1.360	-12.555
1.420	-12.525
1.450	-12.525
1.510	-12.510
1.555	-12.510
1.585	-12.525
1.645	-12.510
1.705	-12.510
1.765	-12.525
1.855	-12.525
1.945	-12.570
1.975	-12.555
2.035	-12.570
2.095	-12.570
2.215	-12.480
2.305	-12.360
2.335	-12.255
2.365	-12.240
2.425	-12.135
2.425	-12.105
2.455	-11.985
2.455	-11.835
2.440	-11.790
2.410	-11.760
2.410	-11.730
2.290	-11.655
2.230	-11.625
2.200	-11.625
2.140	-11.640
2.110	-11.640
2.050	-11.625
1.975	-11.640
1.945	-11.625
1.915	-11.640
1.870	-11.550
1.870	-11.445
1.930	-11.355
1.945	-11.310
2.005	-11.265
2.020	-11.205
2.020	-11.145
2.005	-11.115
1.885	-11.055
1.840	-11.070
1.780	-11.040
1.720	-11.040
1.630	-10.995
1.570	-10.995
1.540	-11.010
1.435	-10.980
1.180	-10.980
1.150	-10.950
1.090	-10.950
1.060	-10.965
1.000	-10.935
0.940	-10.935
0.760	-10.890
0.730	-10.890
0.700	-10.860
0.670	-10.860
0.550	-10.800
0.490	-10.815
0.355	-10.995
0.265	-11.175
0.265	-11.265
0.250	-11.295
0.250	-11.460
POLYLINE BLACK
-1.520	-9.645
-1.475	-9.585
-1.475	-9.555
POLYLINE BLACK
-1.520	-9.510
-1.520	-9.540
POLYLINE CONNECT
0.340	-11.730
-1.537	-9.496
POLYLINE BLACK
3.700	-8.400
3.750	-8.500
3.550	-8.800
3.050	-9.150
2.900	-9.150
2.700	-9.200
2.400	-9.250
2.300	-9.200
2.000	-9.350
1.750	-9.350
1.650	-9.400
1.450	-9.350
1.250	-9.450
1.150	-9.350
1.050	-9.400
0.950	-9.300
0.750	-9.250
0.550	-9.200
0.350	-9.150
0.150	-9.250
0.050	-9.200
-0.250	-9.400
-0.450	-9.450
-0.850	-9.700
-1.100	-9.950
-1.450	-10.450
-1.500	-10.550
POLYLINE BLACK
-0.950	-3.300
-0.750	-3.700
-0.250	-4.050
0.350	-4.700
0.750	-5.300
1.150	-5.600
1.250	-5.800
1.750	-6.200
2.150	-6.450
2.250	-6.450
2.750	-6.850
3.200	-7.300
3.350	-7.600
3.500	-8.300
3.500	-8.650

ELEVATION
STATIONS
0.000	0.000	1.0
5.632	-3.613	1.1
11.968	-3.605	1.2
21.655	-5.745	1.3
29.637	-8.197	1.4
34.686	-9.043	1.5
39.075	-9.341	1.6
47.449	-9.521	1.7
60.645	-11.493	1.8
61.430	-11.007	1.9
66.016	-12.291	1.10
69.123	-11.700	1.11
70.944	-12.072	1.12
73.080	-12.071	1.13
75.496	-12.644	1.14
78.201	-12.720	1.15
82.074	-13.119	1.16
86.474	-14.788	1.17
73.080	-12.071	22.0
74.340	-10.818	22.1
79.373	-11.187	22.2
83.099	-11.287	22.3
69.123	-11.700	23.0
70.557	-11.522	23.1
73.382	-11.342	23.2
76.081	-8.673	23.3
SHOTS
73.382	-11.342	76.081	-8.673
76.081	-8.673	75.939	-7.835
76.081	-8.673	76.018	-8.914
76.081	-8.673	75.953	-8.533
76.081	-8.673	77.398	-8.181
76.081	-8.673	78.364	-8.137
76.081	-8.673	77.212	-8.273
76.081	-8.673	75.920	-8.387
76.081	-8.673	76.429	-8.113
76.081	-8.673	75.967	-7.994
76.081	-8.673	76.980	-8.589
70.557	-11.522	73.382	-11.342
73.382	-11.342	73.966	-10.113
73.382	-11.342	72.763	-11.255
73.382	-11.342	73.242	-11.738
73.382	-11.342	73.346	-11.663
73.382	-11.342	75.311	-10.637
73.382	-11.342	74.056	-11.316
73.382	-11.342	75.148	-10.671
73.382	-11.342	74.611	-10.557
73.382	-11.342	75.221	-9.929
73.382	-11.342	75.449	-9.717
69.123	-11.700	70.557	-11.522
70.557	-11.522	71.182	-11.592
70.557	-11.522	70.158	-11.555
70.557	-11.522	70.524	-11.835
70.557	-11.522	73.439	-11.352
69.123	-11.700	69.123	-11.700
79.373	-11.187	83.099	-11.287
74.340	-10.818	79.373	-11.187
79.373	-11.187	79.520	-10.465
79.373	-11.187	79.324	-10.460
79.373	-11.187	79.883	-10.892
79.373	-11.187	77.740	-11.006
79.373	-11.187	81.440	-11.202
79.373	-11.187	80.506	-10.894
73.080	-12.071	74.340	-10.818
74.340	-10.818	74.712	-10.308
74.340	-10.818	74.603	-10.868
74.340	-10.818	74.089	-10.823
74.340	-10.818	74.000	-11.314
74.340	-10.818	76.022	-10.976
74.340	-10.818	78.258	-10.840
74.340	-10.818	75.356	-10.802
74.340	-10.818	78.049	-10.989
74.340	-10.818	76.004	-10.907
73.080	-12.071	73.080	-12.071
82.074	-13.119	86.474	-14.788
78.201	-12.720	82.074	-13.119
82.074	-13.119	81.518	-13.284
82.074	-13.119	81.790	-13.399
82.074	-13.119	82.766	-13.737
82.074	-13.119	83.328	-13.810
82.074	-13.119	83.976	-13.949
82.074	-13.119	86.128	-14.377
82.074	-13.119	87.192	-14.636
82.074	-13.119	86.983	-14.500
82.074	-13.119	86.026	-14.360
82.074	-13.119	84.897	-14.315
82.074	-13.119	84.257	-14.636
82.074	-13.119	85.654	-14.767
82.074	-13.119	85.659	-14.873
75.496	-12.644	78.201	-12.720
78.201	-12.720	79.321	-11.950
78.201	-12.720	78.582	-12.948
78.201	-12.720	77.412	-12.850
78.201	-12.720	77.977	-12.805
78.201	-12.720	79.017	-12.951
78.201	-12.720	80.341	-12.978
78.201	-12.720	80.999	-12.941
78.201	-12.720	78.866	-12.881
78.201	-12.720	80.705	-12.828
78.201	-12.720	81.886	-12.658
78.201	-12.720	81.970	-12.770
73.080	-12.071	75.496	-12.644
75.496	-12.644	75.492	-12.917
75.496	-12.644	76.528	-12.857
75.496	-12.644	75.578	-12.395
75.496	-12.644	79.665	-12.914
75.496	-12.644	76.003	-12.838
75.496	-12.644	73.853	-12.960
75.496	-12.644	78.385	-12.718
70.944	-12.072	73.080	-12.071
73.080	-12.071	73.078	-12.016
73.080	-12.071	71.824	-10.339
69.123	-11.700	70.944	-12.072
70.944	-12.072	71.040	-11.731
70.944	-12.072	70.899	-12.231
70.944	-12.072	71.053	-12.120
70.944	-12.072	70.941	-11.962
70.944	-12.072	71.585	-12.014
70.944	-12.072	72.202	-11.947
70.944	-12.072	73.086	-12.017
66.016	-12.291	69.123	-11.700
69.123	-11.700	69.091	-12.190
69.123	-11.700	69.219	-11.814
69.123	-11.700	69.071	-11.690
69.123	-11.700	67.649	-11.930
69.123	-11.700	69.751	-11.916
69.123	-11.700	70.777	-12.010
61.430	-11.007	66.016	-12.291
66.016	-12.291	65.988	-11.344
66.016	-12.291	65.915	-11.577
66.016	-12.291	65.433	-12.435
66.016	-12.291	62.701	-12.153
66.016	-12.291	64.430	-12.265
66.016	-12.291	67.250	-12.313
66.016	-12.291	63.224	-11.880
66.016	-12.291	64.766	-11.855
66.016	-12.291	66.893	-11.608
66.016	-12.291	69.348	-12.935
66.016	-12.291	69.370	-12.820
60.645	-11.493	61.430	-11.007
61.430	-11.007	62.347	-11.265
61.430	-11.007	62.116	-11.202
61.430	-11.007	62.006	-11.168
61.430	-11.007	62.105	-11.195
47.449	-9.521	60.645	-11.493
60.645	-11.493	60.650	-10.972
60.645	-11.493	60.531	-11.481
60.645	-11.493	62.139	-11.220
60.645	-11.493	60.404	-11.393
60.645	-11.493	61.078	-11.402
60.645	-11.493	63.359	-11.309
60.645	-11.493	58.933	-11.334
60.645	-11.493	60.158	-11.155
60.645	-11.493	64.025	-11.564
39.075	-9.341	47.449	-9.521
47.449	-9.521	47.900	-8.560
47.449	-9.521	47.313	-9.413
47.449	-9.521	48.298	-12.639
47.449	-9.521	44.924	-9.992
47.449	-9.521	47.178	-9.928
47.449	-9.521	51.780	-9.990
47.449	-9.521	53.504	-10.133
47.449	-9.521	48.975	-9.685
47.449	-9.521	49.987	-9.754
47.449	-9.521	45.728	-9.591
34.686	-9.043	39.075	-9.341
39.075	-9.341	39.205	-8.078
39.075	-9.341	39.106	-8.782
39.075	-9.341	38.586	-9.037
39.075	-9.341	39.247	-10.333
39.075	-9.341	38.515	-9.066
39.075	-9.341	37.480	-9.005
39.075	-9.341	40.094	-9.244
39.075	-9.341	41.094	-9.387
39.075	-9.341	41.635	-8.779
39.075	-9.341	43.355	-8.965
39.075	-9.341	42.618	-9.336
29.637	-8.197	34.686	-9.043
34.686	-9.043	34.937	-7.213
34.686	-9.043	33.495	-8.839
34.686	-9.043	34.942	-10.518
34.686	-9.043	32.793	-8.886
34.686	-9.043	31.021	-8.760
34.686	-9.043	33.620	-8.905
34.686	-9.043	32.391	-8.828
34.686	-9.043	33.791	-8.778
34.686	-9.043	35.651	-9.163
34.686	-9.043	36.870	-9.111
34.686	-9.043	37.986	-9.022
34.686	-9.043	37.867	-9.169
21.655	-5.745	29.637	-8.197
29.637	-8.197	29.945	-6.283
29.637	-8.197	29.709	-7.851
29.637	-8.197	30.047	-8.298
29.637	-8.197	30.767	-9.476
29.637	-8.197	26.488	-8.195
29.637	-8.197	26.249	-7.829
29.637	-8.197	28.372	-7.842
29.637	-8.197	30.584	-7.835
29.637	-8.197	32.170	-8.205
29.637	-8.197	33.931	-8.634
29.637	-8.197	30.896	-8.035
11.968	-3.605	21.655	-5.745
21.655	-5.745	21.696	-5.138
21.655	-5.745	22.217	-5.750
21.655	-5.745	21.633	-5.679
21.655	-5.745	20.559	-6.691
21.655	-5.745	19.205	-5.586
21.655	-5.745	20.149	-5.752
21.655	-5.745	23.845	-5.724
21.655	-5.745	24.702	-5.953
21.655	-5.745	21.966	-5.558
21.655	-5.745	21.298	-5.563
21.655	-5.745	19.709	-5.261
21.655	-5.745	18.870	-4.901
5.632	-3.613	11.968	-3.605
11.968	-3.605	12.061	-3.388
11.968	-3.605	12.077	-2.727
11.968	-3.605	11.300	-2.666
11.968	-3.605	10.953	-2.755
11.968	-3.605	10.422	-3.042
11.968	-3.605	10.258	-3.659
11.968	-3.605	10.347	-4.371
11.968	-3.605	10.606	-4.383
11.968	-3.605	11.006	-4.368
11.968	-3.605	11.712	-4.447
11.968	-3.605	12.032	-4.234
11.968	-3.605	13.419	-3.497
11.968	-3.605	6.924	-3.365
11.968	-3.605	11.674	-3.658
11.968	-3.605	17.435	-3.969
11.968	-3.605	21.658	-5.755
11.968	-3.605	21.784	-5.807
0.000	0.000	5.632	-3.613
5.632	-3.613	7.253	-2.282
5.632	-3.613	4.648	-3.610
5.632	-3.613	6.077	-4.776
5.632	-3.613	12.054	-3.745
5.632	-3.613	12.603	-3.707
5.632	-3.613	12.755	-3.026
5.632	-3.613	5.412	-3.690
5.632	-3.613	7.715	-3.611
