%!PS
%%BoundingBox: -435 -312 499 211 
%%HiResBoundingBox: -434.58527 -311.36433 498.55833 210.64441 
%%Creator: MetaPost 1.209
%%CreationDate: 2017.03.02:1303
%%Pages: 1
%%BeginProlog
%%EndProlog
%%Page: 1 1
 0 0 0 setrgbcolor 0 0.11667 dtransform truncate idtransform setlinewidth pop
 [] 0 setdash 1 setlinecap 1 setlinejoin 10 setmiterlimit
newpath -227.23 -138.13 moveto
-227.23 -138.13 -221.94 -131.06 -220.63 -129.42 curveto
-219.26 -127.72 -212.98 -118.3 -211.35 -116.1 curveto
-209.72 -113.91 -201.91 -106.24 -198.29 -101.46 curveto
-194.67 -96.68 -190.69 -93.51 -187.47 -88.36 curveto
-184.25 -83.22 -174.93 -70.77 -173.22 -66.36 curveto
-171.5 -61.96 -169.65 -60.43 -168.55 -57.2 curveto
-167.45 -53.98 -163.21 -48.02 -161.68 -45.83 curveto
-160.15 -43.65 -157.78 -40.84 -153.78 -35.95 curveto
-149.78 -31.05 -141.37 -19.8 -139.08 -15.18 curveto
-136.8 -10.55 -133.32 -4.81 -132.08 -2.45 curveto
-130.85 -0.09 -129.54 2.86 -127.45 5.36 curveto
-125.36 7.86 -123.62 7.65 -120.84 12.11 curveto
-118.07 16.56 -113.74 22.53 -112.07 25.97 curveto
-110.4 29.41 -100.79 43.8 -98.73 47.06 curveto
-96.67 50.33 -97.78 51.43 -93.92 53.25 curveto
-90.07 55.06 -88.66 53.59 -86.87 56.46 curveto
-85.08 59.33 -81.69 64.87 -79.38 66.99 curveto
-77.08 69.12 -68.35 71.54 -66.23 75.39 curveto
-64.1 79.23 -63.36 77.83 -62.99 82.17 curveto
-62.61 86.51 -64.74 86.89 -63.13 91.39 curveto
-61.51 95.88 -58.7 99.48 -57.05 105.23 curveto
-55.39 110.98 -54.07 111.42 -53.78 115.57 curveto
-53.49 119.72 -52.91 127.91 -51.33 131.16 curveto
-49.75 134.4 -48.68 140.22 -47.14 142.21 curveto
-45.6 144.2 -42.09 151.38 -41.34 153.72 curveto
-40.58 156.06 -34.07 168.86 -33.18 174.38 curveto
-32.28 179.9 -29.23 190.71 -28.97 195.43 curveto
-28.71 200.15 -27.72 203.56 -24.99 206.76 curveto
-22.25 209.96 -21.19 211.84 -17.24 209.62 curveto
-13.29 207.4 -13.46 206.82 -10.53 205.9 curveto
-7.6 204.98 0.48 204.78 2.69 204.69 curveto
4.91 204.6 9.59 201.08 12.07 201.48 curveto
14.55 201.88 24.31 200.61 26.98 199.1 curveto
29.64 197.59 33.47 196.04 35.66 196.43 curveto
37.85 196.82 43.51 195.07 45.83 188.55 curveto
48.15 182.02 51.2 170.35 51.23 167.56 curveto
51.27 164.78 52.18 155.5 49.26 152.19 curveto
46.34 148.88 38.85 142.48 34.65 139.78 curveto
30.45 137.09 27.67 136.96 27.61 128.11 curveto
27.54 119.27 27.74 121.01 28.69 117.21 curveto
29.64 113.41 30.74 110.29 30.26 108.35 curveto
29.77 106.4 30.73 98.28 30.11 92.96 curveto
29.5 87.65 27.98 91.23 29.3 83.7 curveto
30.61 76.16 32.53 76.25 32.14 70.28 curveto
31.74 64.3 32.1 54.61 32.04 51.82 curveto
31.98 49.03 32.17 46.92 33.12 43.03 curveto
34.07 39.13 33.2 39.38 31.88 36.63 curveto
30.57 33.87 30.91 32.74 30.79 29.17 curveto
30.67 25.61 31.19 22.56 29.81 17.31 curveto
28.42 12.05 27.92 10.3 27.08 5.65 curveto
26.24 1 25.57 -1.15 26.32 -2.75 curveto
27.06 -4.34 27.3 -5.29 31.12 -4.73 curveto
34.94 -4.17 33.96 -3.93 35.65 -2.89 curveto
37.33 -1.85 42.26 -0.47 43.14 -2.93 curveto
44.02 -5.39 42.95 -9.19 43.49 -12.52 curveto
44.03 -15.86 44.28 -17.2 44.57 -19.2 curveto
44.86 -21.21 44.17 -22.97 47.34 -23.01 curveto
50.52 -23.06 51.51 -21.76 53.72 -19.64 curveto
55.93 -17.52 67.67 -9.67 70.15 -5.23 curveto
72.64 -0.79 72.45 -0.99 76.82 4.31 curveto
81.19 9.61 84.48 11.01 87.57 12.89 curveto
90.65 14.76 91.15 16.51 92.01 18.67 curveto
92.87 20.82 95.26 23.15 97.12 24.39 curveto
98.99 25.63 98.9 25.43 102.31 26.55 curveto
105.71 27.67 109.01 29.17 110.33 27.7 curveto
111.65 26.22 111.41 27.07 111.93 24.31 curveto
112.44 21.55 112.89 20.22 113.09 17.93 curveto
113.29 15.63 112.62 13.48 112.58 12.42 curveto
112.53 11.36 112.86 10.51 112.86 10.51 curveto
112.86 10.51 113.12 11.1 113.68 13.44 curveto
114.25 15.77 114.18 13.17 115.25 16.87 curveto
116.33 20.58 116.54 22.22 117.38 24.85 curveto
118.22 27.49 119.55 27.84 120.47 28.75 curveto
121.39 29.66 126.04 30.83 127.92 31.88 curveto
129.79 32.93 136.72 34.79 138.17 34.57 curveto
139.63 34.35 151.45 36.34 153.74 36.64 curveto
156.04 36.94 161.36 36.03 163.96 35.96 curveto
166.56 35.89 172.31 36.26 174.96 39.17 curveto
177.61 42.08 185.19 44.26 188.07 48.43 curveto
190.95 52.6 194.2 61.21 194.93 64.12 curveto
195.66 67.04 197.05 70.09 198.13 71.58 curveto
199.22 73.07 203.03 81.9 203.67 72.32 curveto
204.31 62.74 205.05 61.43 203.87 59.83 curveto
202.7 58.24 203.35 58.56 203.9 55.13 curveto
204.44 51.69 204.96 52.97 206.09 53.4 curveto
207.23 53.84 207.73 55.31 208.31 57.35 curveto
208.89 59.4 209.85 61.56 211.97 63.38 curveto
214.1 65.21 214.32 66.67 216.62 64.66 curveto
218.92 62.65 219.3 62.86 221.4 61.04 curveto
223.51 59.21 225.03 57.46 227.96 56.44 curveto
230.89 55.43 235.76 56.14 237.96 56.43 curveto
240.15 56.73 242.2 56.15 241.7 52.38 curveto
241.2 48.61 240.14 48.75 241.72 45.75 curveto stroke
newpath 241.72 45.75 moveto
241.72 45.75 242.24 42.98 243.62 42.28 curveto
244.99 41.58 244.98 39.94 249.38 40.34 curveto
253.78 40.73 259.39 42.14 261.1 44.62 curveto
262.81 47.1 267.98 51.67 269.3 54.42 curveto
270.61 57.17 272.64 58.9 275.3 61.81 curveto
277.95 64.72 280.62 69.17 282.2 72.52 curveto
283.77 75.86 283.24 78.91 284.7 82.73 curveto
286.16 86.54 289.12 88.89 291.37 90.15 curveto
293.62 91.41 299.4 91.1 301.1 89.64 curveto
302.8 88.19 306.96 83.58 310.4 81.91 curveto
313.84 80.25 316.91 78.18 319.01 78.57 curveto
321.11 78.95 320.82 78.94 323.03 81.06 curveto
325.24 83.18 328.56 86.12 333.67 87.7 curveto
338.79 89.28 345.7 89.41 348.6 89.06 curveto
351.5 88.72 354.18 90.96 357.16 86.77 curveto
360.14 82.59 359.24 81.39 362.78 77.52 curveto
366.32 73.65 369.38 69.85 371.31 67.64 curveto
373.24 65.42 375.17 63.2 378.53 61.25 curveto
381.89 59.29 388.17 54.49 391.97 53.22 curveto
395.78 51.96 400.99 51.53 402.36 51.02 curveto
403.73 50.51 404.2 48.7 406.48 49.19 curveto
408.76 49.69 410.94 50.37 413.24 50.57 curveto
415.54 50.78 422.36 51 425.74 54.8 curveto
429.11 58.61 437.13 67.92 438.14 70.95 curveto
439.15 73.97 443.04 79.15 445.96 82.46 curveto
448.88 85.77 453.39 90.02 454.77 89.41 curveto
456.14 88.8 455.27 86.84 456.94 88.07 curveto
458.62 89.3 461.26 90.38 461.72 92.71 curveto
462.19 95.04 462.7 96.41 462.26 97.64 curveto
461.82 98.87 459.52 100.87 461.36 104.52 curveto
463.21 108.16 464.85 110.06 467.82 108.18 curveto
470.79 106.3 473.79 103.85 474.39 103.4 curveto
474.99 102.94 476.58 101.77 477.62 104.32 curveto
478.65 106.86 478.93 109.09 480.66 109.17 curveto
482.38 109.25 484.42 110.88 484.07 114.23 curveto stroke
newpath 498.5 91.45 moveto
495.65 90.55 494.87 90.8 492.74 89.17 curveto
490.61 87.53 489.53 83.83 489.13 79.96 curveto
488.74 76.1 490.32 75.21 490.89 71.3 curveto
491.45 67.38 481.14 68.06 477.46 66.54 curveto
473.78 65.02 471.85 67.33 471.28 69.23 curveto
470.71 71.12 470.22 75.52 468.76 77.86 curveto
467.31 80.19 464.35 77.75 463.19 75.87 curveto
462.02 73.99 458.65 68.06 457.32 65.6 curveto
456 63.13 452.26 60.84 448.19 57.48 curveto
444.12 54.12 442.96 50.22 441.55 45.35 curveto
440.14 40.48 434.69 35.81 432.66 33.99 curveto
430.64 32.16 431.18 31.9 429.86 27.23 curveto stroke
newpath 429.86 27.23 moveto
428.54 22.55 419.1 -0.86 417.79 -3.71 curveto
416.49 -6.56 408.7 -14.71 403.58 -18.21 curveto
398.45 -21.72 388.55 -13.44 387.17 -12.73 curveto
385.8 -12.03 374.39 1.75 370.76 5.43 curveto
367.12 9.11 362.28 28.39 362.19 30.41 curveto
362.1 32.42 355.97 51.5 355.37 53.01 curveto stroke
newpath 355.37 53.01 moveto
354.77 54.52 352.96 58.23 352.31 59.79 curveto
351.67 61.34 350.72 58.99 350.12 58.39 curveto
349.52 57.78 348.52 55.72 347.6 54.72 curveto
347.23 54.31 347.63 54.37 346.92 53.96 curveto stroke
newpath 346.92 53.96 moveto
346.12 53.52 343.42 51.64 342.5 50.83 curveto
341.58 50.02 339.11 49.43 331.57 42.25 curveto
324.02 35.07 317.56 37.65 317.09 37.44 curveto stroke
newpath 317.09 37.44 moveto
316.62 37.22 317.29 35.23 316.6 33.57 curveto
315.91 31.9 311.39 19.58 308.89 13.4 curveto
306.39 7.23 301.61 2.4 299.48 0.76 curveto
297.34 -0.88 292.75 -3.3 290.77 -4.25 curveto
288.8 -5.21 285.5 -10.65 284.1 -13.69 curveto
282.7 -16.73 282.86 -22.21 282.83 -23.65 curveto stroke
newpath 271.84 -28.96 moveto
271.84 -28.96 271.18 -27.27 270.21 -24.91 curveto
269.23 -22.55 268.9 -23.62 267.03 -22.65 curveto
265.15 -21.68 263.62 -21.75 261.78 -21.36 curveto
259.93 -20.96 258.81 -21.59 255.06 -21.58 curveto
251.31 -21.56 244.3 -17.56 240.11 -16.22 curveto
235.91 -14.88 230.18 -9.38 229.26 -8.17 curveto
228.33 -6.97 226.82 -5.4 224.51 -3.21 curveto
222.19 -1.01 219.69 1.09 218.51 1.7 curveto
217.33 2.32 210.76 5.09 208.52 5.66 curveto
206.28 6.23 201.95 4.39 198.18 0.66 curveto
194.42 -3.07 180.47 -4.88 177.87 -4.71 curveto
175.27 -4.54 170.97 -7.05 169.26 -9.53 curveto
167.55 -12.02 160.71 -11.76 158.22 -12.07 curveto
155.74 -12.38 154.76 -14.15 153.52 -16.32 curveto
152.27 -18.5 150.97 -23.65 149.56 -26.21 curveto
148.14 -28.78 147.62 -34.09 146.32 -37.32 curveto
145.03 -40.55 141.57 -44.65 140.25 -47.21 curveto
138.93 -49.77 133.31 -54.94 130.33 -59.11 curveto
127.35 -63.29 123.5 -60.97 122.08 -59.5 curveto
120.67 -58.03 119.6 -53.75 118.43 -51.21 curveto
117.25 -48.67 119.81 -41.73 120.36 -39.01 curveto
120.9 -36.29 122.15 -34.12 121.98 -32.5 curveto
121.81 -30.87 120.6 -27.66 118.38 -23.25 curveto
116.15 -18.84 115.49 -16.94 113.51 -15.88 curveto
111.54 -14.82 111.72 -14.53 108.59 -15.44 curveto
105.46 -16.36 103.41 -17.61 100.99 -19.35 curveto
98.57 -21.1 91.11 -23.76 88.72 -24.06 curveto
86.33 -24.36 85.23 -23.45 82.62 -25.31 curveto
80.02 -27.16 77.78 -30.72 76.2 -33.77 curveto
74.61 -36.83 66.47 -49.89 65.1 -53.32 curveto
63.72 -56.75 55.47 -65.3 53.04 -66.66 curveto
50.6 -68.03 38.53 -70.89 34.79 -70.97 curveto
31.05 -71.05 13.27 -73.12 6.11 -74.04 curveto
-1.06 -74.95 -2.52 -74.63 -6.43 -75.2 curveto
-10.34 -75.77 -14.21 -77.39 -14.21 -77.39 curveto stroke
newpath -14.21 -77.39 moveto
-14.21 -77.39 -26.46 -80.46 -28.76 -80.76 curveto stroke
newpath -30.88 -60.01 moveto
-13.15 -56.97 lineto stroke
newpath -13.15 -56.97 moveto
-9.8 -56.62 -10.04 -55.47 -6.87 -53.5 curveto
-3.69 -51.53 -5.04 -49.38 -5.06 -46.98 curveto
-5.08 -44.57 -5.09 -42.17 -4.4 -38.49 curveto
-3.71 -34.8 -2.23 -31.47 -2.29 -28.11 curveto
-2.35 -24.75 -0.83 -20.35 -0.65 -13.9 curveto
-0.47 -7.45 -1.34 -5.28 -0.15 -1.96 curveto
1.04 1.36 2.38 7.67 3.44 11.66 curveto
4.51 15.65 4.35 21.12 5.38 23.85 curveto
6.4 26.59 7.25 37.3 7.11 40.18 curveto
6.98 43.05 5.15 51.33 4.05 56.37 curveto
2.95 61.42 5.84 65.3 5.88 68.66 curveto
5.91 72.03 7.05 72.28 7.83 74.14 curveto
8.61 76 6.97 82.17 4.71 87.35 curveto
2.45 92.53 2.62 99.36 1.97 102.89 curveto
1.33 106.42 3.64 108.26 4.04 110.1 curveto
4.43 111.94 3.89 113.26 3.9 115.09 curveto
3.91 116.92 4.51 118.48 5.59 120.07 curveto
6.67 121.66 7.52 121.89 6.32 125.01 curveto
5.12 128.12 7.25 131.78 7.78 132.86 curveto
8.31 133.94 9.48 137.65 9.02 139.26 curveto
8.56 140.87 7.3 141 6.04 141.43 curveto
4.77 141.85 -4.45 139.5 -6.98 138.22 curveto
-9.51 136.95 -11.45 135.23 -12.63 131.62 curveto
-13.8 128.01 -15.3 125.05 -15.28 122.65 curveto
-15.26 120.25 -17.46 117.93 -18.33 115.87 curveto
-19.19 113.81 -20.82 111.53 -20.18 108.19 curveto
-19.55 104.85 -22.55 96.93 -24.78 93.17 curveto
-27 89.41 -28.76 81.74 -29 76.44 curveto
-29.23 71.15 -30.16 56.12 -30.15 51.79 curveto
-30.14 47.47 -30.91 35.13 -31.58 30.87 curveto
-32.24 26.61 -34.81 15.83 -36.11 12.69 curveto
-37.4 9.56 -40.69 7.87 -44 8.77 curveto
-47.31 9.67 -46.47 14.42 -46.6 17.1 curveto
-46.72 19.79 -47.68 21.86 -46.89 25.45 curveto
-46.1 29.05 -46.75 39.01 -47.19 40.14 curveto
-47.63 41.28 -49.78 52.42 -50.03 53.66 curveto
-50.28 54.9 -50.87 57.27 -52.69 56.99 curveto
-54.5 56.72 -55.42 55.81 -56.5 54.32 curveto
-57.58 52.83 -57.46 48.12 -58.33 46.16 curveto
-59.2 44.2 -63.1 41.33 -63.82 40.33 curveto
-64.54 39.34 -64.91 36.82 -65.3 34.88 curveto
-65.69 32.94 -66.52 32.23 -67.61 30.83 curveto
-68.69 29.43 -69.95 31.59 -73.07 30.48 curveto
-76.19 29.37 -76.45 26.86 -76.45 26.86 curveto stroke
newpath -76.45 26.86 moveto
-77.6 24.69 -78.34 24.08 -80.41 22.98 curveto
-82.47 21.87 -83 20.98 -84 18.68 curveto
-85 16.37 -85.13 17.04 -87.37 14.67 curveto
-89.62 12.31 -89.89 9.94 -92.15 7.92 curveto
-94.41 5.89 -95.52 4.97 -97.76 2.46 curveto
-100 -0.04 -100.97 0.1 -102.81 -1.66 curveto
-104.65 -3.43 -104.04 -5.08 -104.33 -6.11 curveto
-104.62 -7.13 -107.29 -10.57 -107.5 -11.3 curveto
-107.71 -12.03 -109.76 -12.37 -110.6 -13.85 curveto
-111.44 -15.33 -111.8 -15.97 -112.92 -17.61 curveto
-114.05 -19.25 -114.34 -20.22 -115.39 -22.53 curveto
-116.43 -24.84 -119.55 -29.07 -120.35 -31.55 curveto
-121.14 -34.04 -122.34 -35.2 -123.04 -36.77 curveto
-123.73 -38.34 -127.62 -44.63 -128.27 -45.14 curveto
-128.92 -45.65 -130.8 -51.55 -131.79 -53.04 curveto
-132.78 -54.53 -135.62 -57.54 -136.58 -57.49 curveto
-137.55 -57.44 -138.25 -58.91 -139.21 -59.97 curveto
-140.17 -61.02 -141.27 -63.14 -143.2 -66.01 curveto
-145.13 -68.89 -146.02 -68.4 -147.67 -72.13 curveto
-149.32 -75.86 -152.73 -78.95 -153.6 -79.81 curveto
-154.48 -80.67 -155.27 -83.25 -155.62 -85.1 curveto
-155.96 -86.94 -160.82 -94.08 -162.69 -96.09 curveto
-164.57 -98.1 -164.31 -98.43 -164.72 -99.99 curveto
-165.13 -101.54 -167.51 -107.18 -167.91 -108.83 curveto
-168.31 -110.48 -169.1 -112.16 -170.73 -114.39 curveto
-172.35 -116.63 -176.63 -120.77 -178.09 -122.48 curveto
-179.54 -124.18 -180.16 -125.31 -180.96 -128.76 curveto
-181.76 -132.21 -184.61 -132.92 -185.99 -134.38 curveto
-187.36 -135.84 -191.52 -137.38 -193.13 -137.74 curveto
-194.75 -138.11 -197.3 -139.09 -199.87 -140.56 curveto
-202.45 -142.02 -209.13 -141.95 -210.41 -142.3 curveto
-211.69 -142.65 -213.36 -143.93 -213.74 -146.11 curveto
-214.12 -148.29 -218.71 -156.14 -219.42 -157.28 curveto
-220.14 -158.42 -225.7 -167.95 -226.6 -170.2 curveto
-227.51 -172.45 -232.63 -178.98 -233.36 -180.94 curveto
-234.08 -182.89 -237.25 -184.05 -238.57 -185.6 curveto
-239.89 -187.15 -241.36 -189.58 -242 -191.2 curveto
-242.65 -192.81 -245.58 -195.88 -247.26 -197.93 curveto
-248.94 -199.98 -248.42 -200 -248.7 -201.17 curveto
-248.98 -202.34 -249.5 -205.58 -250 -207.14 curveto
-250.51 -208.71 -253.62 -214.14 -254.2 -215.03 curveto
-254.79 -215.92 -262.8 -224.37 -263.87 -226.15 curveto
-264.94 -227.93 -266.12 -230.44 -267.94 -232.63 curveto
-269.76 -234.83 -270.38 -232.99 -271.86 -234.12 curveto
-273.35 -235.24 -277.41 -239.8 -278.08 -241.04 curveto
-278.74 -242.27 -282.73 -246.4 -283.59 -247.54 curveto
-284.45 -248.69 -289.59 -253.92 -290.75 -255.66 curveto
-291.92 -257.39 -294.18 -258.41 -296.15 -259.37 curveto
-298.13 -260.33 -298.91 -262.09 -300.71 -263.62 curveto
-302.51 -265.14 -306.59 -269.46 -307.54 -270.71 curveto
-308.49 -271.96 -310.33 -272.76 -312.32 -274.2 curveto
-314.32 -275.64 -315.32 -275.93 -315.55 -277.09 curveto
-315.9 -278.82 -315.47 -279.83 -315.47 -279.83 curveto stroke
newpath -315.47 -279.83 moveto
-315.81 -280.9 -315.55 -286.36 -315.62 -288.96 curveto
-315.7 -291.56 -316.51 -292.56 -317.99 -293.97 curveto
-319.46 -295.39 -323.45 -292.21 -324.14 -291.86 curveto
-324.83 -291.5 -329.35 -289.41 -332.08 -286.36 curveto
-334.82 -283.32 -338.89 -282.55 -339.86 -282.31 curveto
-340.84 -282.06 -343.27 -283.43 -346.58 -286.75 curveto
-349.88 -290.08 -357.33 -293.21 -360.06 -294.49 curveto
-362.79 -295.77 -373.56 -297.62 -376.42 -298.14 curveto
-379.28 -298.65 -379.96 -300.51 -381.17 -301.53 curveto
-382.37 -302.55 -385.26 -302.39 -388.93 -302.08 curveto
-392.59 -301.77 -397.67 -304.22 -399.18 -304.67 curveto
-400.7 -305.13 -407.74 -306.61 -409.43 -307.55 curveto
-411.11 -308.49 -418.73 -311.92 -422.03 -311.21 curveto
-425.33 -310.5 -425.89 -302.74 -424.85 -300.1 curveto
-423.82 -297.45 -423.6 -296 -422.88 -295.1 curveto
-422.15 -294.21 -423.24 -289.26 -423.59 -287.93 curveto
-423.94 -286.6 -428.89 -275.11 -429.55 -273.41 curveto
-430.21 -271.71 -434.27 -264.89 -434.49 -262.21 curveto
-434.71 -259.53 -433.94 -257.57 -432.36 -256.44 curveto
-430.78 -255.31 -431.27 -252.93 -430.74 -252.04 curveto
-430.2 -251.15 -427.67 -247.76 -426.55 -247.04 curveto
-425.43 -246.31 -425.58 -245.26 -424.66 -244.45 curveto
-423.73 -243.64 -424.34 -242.9 -424.2 -241.93 curveto
-424.05 -240.96 -423.36 -239.29 -422.26 -238.18 curveto stroke
newpath -402.84 -237.35 moveto
-402.76 -239.08 -402.34 -240.81 -402.72 -242.85 curveto
-403.11 -244.89 -404.1 -249.97 -405.06 -252.38 curveto
-406.36 -255.61 -406.86 -257.17 -405.41 -259.51 curveto
-403.95 -261.85 -400.11 -264.07 -400.11 -264.07 curveto
-400.11 -264.07 -394.73 -266.13 -393.99 -267.54 curveto
-393.25 -268.94 -392.08 -271.48 -390.72 -271.8 curveto
-389.36 -272.13 -387.99 -272.64 -387.11 -272.93 curveto
-386.23 -273.23 -383.71 -275.8 -382.26 -274.96 curveto
-380.81 -274.13 -379.64 -274.6 -379 -272.79 curveto
-378.36 -270.99 -378.69 -270.19 -377.95 -269.53 curveto
-377.21 -268.87 -376.44 -267.97 -375.76 -269.14 curveto
-375.08 -270.3 -374.85 -272.12 -374.27 -272.19 curveto
-373.69 -272.25 -371.67 -274.32 -370.98 -273.57 curveto
-370.3 -272.81 -367.53 -269.32 -366.43 -266.1 curveto
-365.33 -262.88 -363.91 -259.11 -364.25 -257.16 curveto
-364.58 -255.2 -364.63 -251.99 -364.63 -249.01 curveto
-364.62 -246.03 -365.46 -245.54 -364.07 -244.42 curveto
-362.68 -243.29 -363.6 -243.1 -359.53 -242.91 curveto
-355.45 -242.71 -352.29 -243.43 -351.64 -243.93 curveto
-350.99 -244.43 -343.24 -244.84 -342.46 -244.99 curveto
-341.69 -245.15 -329.96 -246.34 -329.03 -246.63 curveto
-328.1 -246.92 -324.17 -246.93 -322.76 -248.26 curveto
-321.35 -249.59 -317.47 -252.48 -316.5 -252.73 curveto
-315.53 -252.97 -310.28 -255.18 -307.61 -253.8 curveto
-304.93 -252.43 -300.83 -248.73 -300.51 -248.47 curveto
-300.18 -248.22 -298.88 -248.4 -293.77 -242.44 curveto
-288.67 -236.49 -286.53 -233.84 -286.48 -232.87 curveto
-286.43 -231.91 -287.26 -229.64 -284.95 -226.51 curveto
-282.65 -223.37 -276.42 -216.74 -275.45 -214.96 curveto
-274.47 -213.19 -272.57 -210.74 -271.66 -207.58 curveto
-270.75 -204.41 -271.3 -204 -268.89 -202.07 curveto
-266.48 -200.13 -262.81 -197.5 -261.88 -195.68 curveto
-260.96 -193.86 -260.29 -191.81 -259.74 -190.1 curveto
-259.2 -188.4 -256.54 -185.53 -256.15 -184.74 curveto
-255.75 -183.96 -252.12 -180.47 -251.87 -178.68 curveto
-251.61 -176.89 -251.22 -176.15 -250.85 -174.64 curveto
-250.49 -173.14 -249.31 -168.52 -248.09 -166.83 curveto
-246.88 -165.14 -241.79 -159.9 -241.09 -158.38 curveto
-240.39 -156.86 -234.35 -148.31 -233.19 -146.39 curveto
-232.03 -144.46 -228.35 -139.87 -227.23 -138.13 curveto stroke
newpath 322.37 43.74 moveto
322.06 44.25 322.14 44.55 322.34 45.32 curveto
322.55 46.1 323.27 47.15 324.25 48.73 curveto
325.23 50.31 325.06 49.92 326.56 50.57 curveto
328.07 51.22 329.43 50.99 331.46 51.71 curveto
333.49 52.43 333.76 52.88 334.39 53.67 curveto
335.03 54.47 336.01 55.14 336.24 56.31 curveto
336.47 57.47 338.1 56.49 338.24 55.73 curveto
338.37 54.96 337.76 53.64 337.22 52.8 curveto
336.68 51.96 333.53 49.45 332.98 49 curveto
332.42 48.54 328.01 46.41 327.07 46.03 curveto
326.12 45.65 324.39 43.64 323.4 43.16 curveto
322.42 42.68 322.68 43.23 322.37 43.74 curveto closepath stroke
showpage
%%EOF
