%!PS
%%BoundingBox: -74 -156 346 162 
%%HiResBoundingBox: -73.31833 -155.36833 345.33833 161.51834 
%%Creator: MetaPost 1.209
%%CreationDate: 2017.02.12:1925
%%Pages: 1
%%BeginProlog
%%EndProlog
%%Page: 1 1
 0 0 0 setrgbcolor 0 0.11667 dtransform truncate idtransform setlinewidth pop
 [] 0 setdash 1 setlinecap 1 setlinejoin 10 setmiterlimit
newpath -33.58 161.46 moveto
-31.95 159.42 -30.5 157.18 -27.59 156.64 curveto
-24.68 156.11 -25.9 155.57 -23.98 153.54 curveto
-22.06 151.52 -21.08 148.87 -19.39 147.8 curveto
-17.71 146.72 -15.27 146.07 -13.44 145.96 curveto
-11.61 145.86 -9.67 145.37 -8.17 144.19 curveto
-6.67 143.01 -4.44 142.44 -2.5 142.15 curveto
-0.57 141.85 1.86 143.31 3.95 141.87 curveto
6.04 140.43 6.49 139.01 7.12 137.79 curveto
7.75 136.57 7.92 135.04 10 133.7 curveto
12.08 132.35 14.89 129.79 16.26 129.38 curveto
17.62 128.96 20.1 129.37 21.4 128.27 curveto
22.7 127.18 22.14 126.87 24.71 127.37 curveto
27.28 127.87 27.77 129.82 28.95 129.2 curveto
30.13 128.58 32.09 127.91 33.7 126.35 curveto
35.31 124.79 37.3 123.25 38.68 120.53 curveto
40.06 117.8 40.52 116 41.07 112.47 curveto
41.62 108.94 40.33 107.82 41.29 105.85 curveto
42.24 103.87 43.95 102.32 45.3 100.17 curveto
46.65 98.03 47.87 94.43 48.37 91.96 curveto
48.87 89.48 49.59 84.52 51.38 83.16 curveto
53.17 81.8 56.85 77.07 57.02 73.52 curveto
57.18 69.97 57.23 56.52 56.19 52.05 curveto
55.15 47.58 54.74 41.89 54.85 39.59 curveto
54.96 37.29 55.15 33.07 56.24 30.34 curveto
57.33 27.6 60.42 23.23 59.86 18.78 curveto
59.29 14.33 60.11 11.2 61.47 8.96 curveto
62.82 6.71 67.46 -4.12 67.26 -8.07 curveto
67.06 -12.02 67.86 -20.92 67.98 -23.42 curveto
68.09 -25.91 68.48 -27.91 70.94 -29.33 curveto
73.41 -30.75 77.73 -32.76 79.81 -32.09 curveto
81.9 -31.41 85.8 -26.43 86.74 -23.98 curveto
87.68 -21.53 91.94 -14.03 93.46 -11.56 curveto
94.98 -9.08 100.79 -3.91 102.68 -3.05 curveto
104.56 -2.2 107.64 3.91 108.53 5.29 curveto
109.43 6.68 113.81 15.73 115.44 22.14 curveto
117.06 28.56 124.89 35.94 126.34 37.74 curveto
127.79 39.54 132.88 48.04 133.37 49.7 curveto
133.87 51.35 139.3 58.72 140.36 60.69 curveto
141.42 62.66 149.16 78.02 149.55 80.05 curveto
149.93 82.09 154.58 93.64 156.86 96.44 curveto
159.13 99.24 166.13 107.83 167.25 110.48 curveto
168.38 113.12 174.15 121.37 174.85 122.75 curveto
175.56 124.13 181.33 134.29 182.85 136.77 curveto
184.36 139.24 191.77 149.39 194.15 149.88 curveto
196.53 150.38 203.84 150.34 206.06 145.92 curveto
208.28 141.51 213.15 138.09 212.89 133.36 curveto
212.63 128.64 212.16 118.15 212.69 115 curveto
213.22 111.85 214.1 105.55 215.38 102.73 curveto
216.67 99.9 216.07 98.24 219.25 96.08 curveto
222.42 93.93 230.35 92.85 232.23 91.79 curveto
234.1 90.72 239.24 89.9 241.55 89.82 curveto
243.86 89.74 245.15 90.85 247.23 91.62 curveto
249.31 92.39 251.53 90.09 252.89 89.77 curveto
254.25 89.45 258.74 87.93 260.62 86.77 curveto
262.5 85.61 268.95 83.32 270.85 79.75 curveto
272.74 76.19 277.41 68.81 277.62 66.42 curveto
277.83 64.03 281.1 55.72 282.74 53.4 curveto
284.39 51.07 290.39 37.9 292.38 36.26 curveto
294.38 34.62 295.04 26.68 295.24 24.48 curveto
295.44 22.27 295.45 19.97 296.55 18.96 curveto
297.66 17.96 307.97 11.23 311.18 10.42 curveto
314.39 9.61 327.14 4.05 329.44 2.14 curveto
331.74 0.23 341.38 -4.51 345.28 -7.79 curveto stroke
newpath 341.24 -20.09 moveto
340.36 -19.74 336.79 -15.3 335.98 -14.47 curveto
335.17 -13.64 334.42 -9.83 333.27 -7.87 curveto
332.12 -5.9 331.23 -5.37 330.49 -5.98 curveto
329.75 -6.59 327.85 -7.06 326.51 -7.13 curveto
325.16 -7.19 317.29 -3.23 316.09 -2.23 curveto
314.89 -1.23 298.17 4.91 296.81 5.33 curveto
295.44 5.74 288.19 8.67 286.72 9.28 curveto
285.25 9.88 278.71 18.23 276.88 20.54 curveto
275.04 22.86 268.55 36.21 267.45 37.12 curveto
266.35 38.03 264.29 45.23 263.97 50.02 curveto
263.65 54.81 263.75 58.95 261.36 62.68 curveto
258.98 66.42 250.54 68.04 247.53 68.76 curveto
244.51 69.49 243.06 67.6 241.68 66.28 curveto
240.3 64.97 237.63 62.63 236.65 60.95 curveto
235.67 59.27 232.39 59.41 231.26 58.97 curveto
230.13 58.53 229.34 59.07 228.64 59.62 curveto
227.94 60.16 226.13 59.69 224.11 59.89 curveto
222.08 60.08 218.78 62.91 216.63 65.59 curveto
214.49 68.28 205.7 69.12 204.23 69.82 curveto
202.76 70.52 200.48 74.06 199.42 76.03 curveto
198.37 78 195.25 85.06 192.69 88.6 curveto
190.12 92.13 184.93 90.06 182.96 89.01 curveto
180.99 87.96 174.23 84.56 172.39 82.85 curveto
170.54 81.13 164.65 75.66 164.01 72.84 curveto
163.37 70.03 156.5 58.66 155.54 56.59 curveto
154.58 54.53 149.16 49.18 148.56 47.52 curveto
147.97 45.86 146.44 43.68 144.97 42.07 curveto
143.51 40.46 138.45 33.5 135.36 29.7 curveto
132.27 25.91 130.16 19.76 129.82 18.78 curveto
129.48 17.8 127.59 14.93 125.87 12.73 curveto
124.15 10.54 125.3 8.57 125.45 7.33 curveto
125.6 6.09 122.37 1.32 120.39 -1.55 curveto
118.41 -4.43 113.8 -8.78 110.24 -12.69 curveto
106.67 -16.61 106.32 -29.6 106.41 -31.52 curveto
106.5 -33.44 103.63 -40.01 102.83 -41.39 curveto
102.03 -42.77 100.08 -52.48 99.24 -54.92 curveto
98.39 -57.36 93.65 -62.87 91.78 -66.03 curveto
89.91 -69.19 88.47 -71.28 86.25 -73.21 curveto
84.04 -75.14 83.43 -76.61 83.1 -77.78 curveto
82.77 -78.94 81.07 -81.62 79.31 -83.05 curveto
77.55 -84.47 78.22 -86.37 77.16 -88.43 curveto
76.11 -90.5 77.39 -91.21 76.59 -92.69 curveto
75.8 -94.17 73.19 -102.27 72.78 -103.63 curveto
72.36 -105 72.07 -109.05 69.8 -113.86 curveto
67.52 -118.68 64.74 -114.67 64.12 -113.84 curveto
63.51 -113 62.79 -109.86 61.69 -107.03 curveto
60.6 -104.2 60.37 -103.35 58.89 -100.44 curveto
57.4 -97.53 56.39 -102.47 56.26 -103.83 curveto
56.13 -105.18 55.4 -108.09 53.29 -112.33 curveto
51.18 -116.56 51.22 -121.55 51.19 -122.9 curveto
51.16 -124.25 49.51 -132.2 48.9 -133.58 curveto
48.29 -134.95 47.05 -139.33 46.87 -141.55 curveto
46.68 -143.77 46.02 -145.92 44.11 -148.31 curveto stroke
newpath 43.53 -150.26 moveto
43.29 -151.23 lineto stroke
newpath 42.97 -152.79 moveto
42.84 -154.04 lineto stroke
 0.11667 0 dtransform exch truncate exch idtransform pop setlinewidth
newpath 38.43 -154.25 moveto
38.38 -155.31 lineto stroke
 0 0.11667 dtransform truncate idtransform setlinewidth pop
newpath 38.37 -152.91 moveto
38.08 -150.9 lineto stroke
newpath 37.91 -149.37 moveto
37.74 -147.75 37.43 -147.18 36.16 -146.86 curveto
34.9 -146.53 31.81 -146.29 29.77 -145.72 curveto
27.72 -145.14 25.43 -135.25 25.11 -130.46 curveto
24.79 -125.67 25.98 -120.14 25.36 -115.17 curveto
24.74 -110.2 25.72 -96.22 25.92 -90.06 curveto
26.11 -83.9 30 -76.7 31.12 -75.88 curveto
32.23 -75.06 35.29 -66.36 35.92 -65.47 curveto
36.55 -64.57 37.95 -53.46 38.87 -48.32 curveto
39.78 -43.18 39.29 -36.86 39.38 -34.65 curveto
39.47 -32.44 37.12 -25.34 36.79 -22.37 curveto
36.46 -19.41 37.53 -9.37 38.36 -6.64 curveto
39.2 -3.91 41.15 9.83 41.41 12.44 curveto
41.67 15.05 42.25 21.23 41.53 24.36 curveto
40.81 27.5 41.4 31.28 41.83 36.49 curveto
42.26 41.7 42.13 42.46 41.76 44.08 curveto
41.4 45.69 40.34 58.04 40.35 59.96 curveto
40.36 61.89 39.51 65.59 37.76 70.13 curveto
36.02 74.66 33.89 74.94 33.2 77.31 curveto
32.51 79.68 31.05 84.32 29.99 86.29 curveto
28.94 88.26 26.6 93.05 26.09 93.8 curveto
25.57 94.54 21.52 96.85 20.7 98.06 curveto
19.87 99.27 16.93 104.71 16 106.01 curveto
15.08 107.31 9.68 109.75 7.19 111.66 curveto
4.69 113.56 -1.61 114.9 -4.46 116.11 curveto
-7.3 117.32 -8.95 115.51 -10.83 114.75 curveto
-12.72 113.99 -18.74 113.23 -23.54 113.1 curveto
-28.34 112.98 -31.44 109.37 -32.43 107.88 curveto
-33.42 106.4 -39.96 102.44 -42.56 100.49 curveto
-45.16 98.54 -46.51 94.54 -48.05 92.45 curveto
-49.58 90.36 -53 83.28 -54.01 80.16 curveto
-55.02 77.04 -61.07 73.01 -61.07 73.01 curveto stroke
newpath -73.26 89.16 moveto
-73.26 89.16 -71.16 91.37 -70.85 93.12 curveto
-70.55 94.86 -69.23 101.65 -68.95 103.78 curveto
-68.66 105.91 -66.36 116.3 -65.2 118.27 curveto
-64.05 120.25 -62.3 124.08 -60.8 124.82 curveto
-59.3 125.57 -58.67 126.65 -56.58 124.92 curveto
-54.48 123.19 -50.11 120.32 -48.76 120.1 curveto
-47.4 119.87 -46.19 118.58 -45.23 118.72 curveto
-44.28 118.86 -43.43 119.1 -42.05 120.6 curveto
-40.68 122.11 -39.83 124.36 -39.15 126.31 curveto
-38.47 128.27 -37.21 130.15 -38.46 134.32 curveto
-39.72 138.49 -39.95 141.46 -39.51 142.25 curveto
-39.06 143.04 -39.59 144.07 -40.25 145.77 curveto
-40.9 147.47 -42.79 148.82 -43.61 149.84 curveto stroke
showpage
%%EOF
