%!PS
%%BoundingBox: -74 -333 67 334 
%%HiResBoundingBox: -73.24838 -332.89957 66.95833 333.03833 
%%Creator: MetaPost 1.209
%%CreationDate: 2017.02.12:1925
%%Pages: 1
%%BeginProlog
%%EndProlog
%%Page: 1 1
 0 0 0 setrgbcolor 0 0.11667 dtransform truncate idtransform setlinewidth pop
 [] 0 setdash 1 setlinecap 1 setlinejoin 10 setmiterlimit
newpath 60.2 -282.78 moveto
59.24 -283.88 48.76 -289.85 47.65 -290.72 curveto
46.53 -291.59 38.94 -294.73 37.12 -295.73 curveto
35.29 -296.72 31.03 -298.12 29.22 -298.45 curveto
27.41 -298.77 25.57 -298.57 24.89 -298.36 curveto
24.21 -298.15 22.45 -298.62 21.6 -298.8 curveto
20.74 -298.99 15.8 -299.17 14.69 -299.03 curveto
13.58 -298.89 11.11 -297.61 9.44 -296.82 curveto
7.77 -296.04 3.93 -295.01 3.34 -294.85 curveto
2.76 -294.68 -4.8 -292.25 -5.81 -292.3 curveto
-6.82 -292.34 -14.61 -289.15 -16.37 -288.51 curveto
-18.13 -287.87 -18.94 -285.94 -20.33 -283.94 curveto
-21.72 -281.94 -22.52 -279.09 -22.85 -277.28 curveto
-23.17 -275.47 -26.19 -268.55 -27.26 -267.16 curveto
-28.34 -265.77 -28.93 -262.24 -29.11 -259.46 curveto
-29.29 -256.68 -30.36 -255.24 -30.4 -254.38 curveto
-30.45 -253.52 -30.88 -252.48 -31.08 -251.34 curveto
-31.27 -250.19 -32.36 -248.56 -33.15 -246.96 curveto
-33.95 -245.37 -35.1 -242.39 -35 -240.32 curveto
-34.91 -238.25 -34.85 -236.28 -35.03 -234.61 curveto
-35.2 -232.93 -37.86 -229.5 -38.27 -227.84 curveto
-38.69 -226.18 -39.92 -223.45 -39.45 -221.12 curveto
-38.98 -218.79 -37.97 -217.93 -37.57 -216.08 curveto
-37.18 -214.24 -37.72 -208.78 -37.8 -207.06 curveto
-37.88 -205.33 -38.04 -203.99 -38.01 -202.6 curveto
-37.98 -201.2 -40.06 -199.76 -42.04 -196.54 curveto
-44.02 -193.32 -45.7 -193.2 -46.23 -192.17 curveto
-46.76 -191.14 -50.01 -182.16 -50.76 -180.66 curveto
-51.5 -179.15 -51.97 -176.29 -52.48 -175.6 curveto
-53 -174.9 -54.15 -170.68 -54.38 -169.01 curveto
-54.6 -167.33 -53.97 -165.24 -54.03 -163.99 curveto
-54.09 -162.75 -53.68 -159.12 -53.44 -157.09 curveto
-53.2 -155.06 -52.87 -149.71 -52.82 -148.75 curveto
-52.77 -147.79 -51.89 -139.87 -51.81 -138.42 curveto
-51.73 -136.98 -53.46 -128.84 -53.46 -127.69 curveto
-53.47 -126.53 -54.63 -123.32 -54.77 -122.27 curveto
-54.92 -121.22 -54.86 -116.27 -54.86 -115.35 curveto
-54.85 -114.44 -54.83 -112.76 -54.5 -111.69 curveto
-54.16 -110.61 -53.47 -106.93 -52.9 -105.84 curveto
-52.32 -104.76 -52.45 -98.95 -52.43 -97.27 curveto
-52.41 -95.59 -52.93 -91.67 -53.39 -90.2 curveto
-53.84 -88.73 -53.32 -84.43 -53.13 -81.3 curveto
-52.94 -78.17 -52.06 -76.44 -51.61 -75.7 curveto
-51.17 -74.96 -50.26 -73.86 -49.42 -72.33 curveto
-48.57 -70.8 -49.11 -70.73 -48.61 -69.99 curveto
-48.12 -69.24 -47.37 -63.68 -46.84 -62.6 curveto
-46.32 -61.52 -46.39 -60.9 -46.31 -59.65 curveto
-46.22 -58.39 -45.9 -57.08 -45.4 -55.47 curveto
-44.9 -53.86 -44.08 -48.63 -42.74 -46.41 curveto
-41.41 -44.19 -38.75 -40.36 -37.79 -39.4 curveto
-36.82 -38.45 -35.26 -32.85 -33.68 -30.61 curveto
-32.1 -28.37 -31.69 -21.72 -31.46 -20.37 curveto
-31.24 -19.01 -31.34 -13.78 -29.72 -10.44 curveto
-28.1 -7.09 -26.41 -5.04 -25.39 -4.28 curveto
-24.37 -3.51 -23.05 0.11 -22.35 1.54 curveto
-21.64 2.96 -20.1 5.97 -19.64 7.38 curveto
-19.18 8.8 -16.65 13.24 -15.46 14.69 curveto
-14.28 16.14 -9.98 19.8 -9.26 20.69 curveto
-8.53 21.59 -4.54 23.65 -3.49 23.75 curveto
-2.44 23.85 3.06 27.47 5.28 28.29 curveto
7.5 29.12 11.05 36.63 11.78 37.49 curveto
12.5 38.34 13.87 41.96 14.41 42.89 curveto
14.94 43.83 16.9 49.07 17.36 49.71 curveto
17.81 50.36 18.47 54.66 19.04 55.84 curveto
19.61 57.02 19.7 60.25 20.39 61.91 curveto
21.08 63.58 23.76 68.99 24.39 69.84 curveto
25.02 70.68 29.59 79.88 30.03 80.82 curveto
30.47 81.75 32.1 87.98 32.8 89.45 curveto
33.5 90.93 34.4 94.14 34.94 95.99 curveto
35.48 97.84 35.79 100.59 35.95 103.29 curveto
36.11 105.99 35.7 108.66 35.34 110.14 curveto
34.98 111.61 35.81 112.51 36.27 113.93 curveto
36.73 115.34 36.07 117.14 36.22 117.96 curveto
36.38 118.79 36.29 123.78 36.2 125.65 curveto
36.11 127.52 34.65 129.04 34.16 130.21 curveto
33.67 131.39 33.85 135.92 34.63 137.73 curveto
35.41 139.55 36.65 142.78 36.79 145.04 curveto
36.92 147.31 35.85 152.73 35 155.39 curveto
34.16 158.04 34.18 163.71 34.41 165.11 curveto
34.63 166.52 34.41 173.28 34.51 174.15 curveto
34.62 175.02 36 179.41 37.03 180.95 curveto
38.06 182.49 41.3 184.13 41.85 184.68 curveto stroke
newpath 35.69 186.99 moveto
35.47 186.55 34.84 186.71 34.22 185.57 curveto
33.6 184.44 31.65 183 30.94 182.78 curveto
30.23 182.55 26.65 180.03 25.27 179.63 curveto
23.9 179.23 22.09 176.84 21.5 175.9 curveto
20.92 174.96 18.81 172.84 18.46 172.15 curveto
18.11 171.46 14.8 168.19 13.2 165.47 curveto
11.6 162.75 8.94 161.95 7.68 161.12 curveto
6.42 160.3 3.69 162.14 3 162.54 curveto
2.31 162.94 0.99 165.47 0.27 166.59 curveto
-0.46 167.71 -1.41 168.48 -1.42 168.82 curveto
-1.44 169.16 -1.73 171.35 -2.13 171.67 curveto
-2.53 171.99 -3.05 173.74 -3.05 174.85 curveto
-3.05 175.95 -4.46 178.38 -5.1 179.7 curveto
-5.74 181.02 -5.73 181.88 -5.85 182.45 curveto
-5.98 183.02 -5.33 184.69 -5.12 185.18 curveto
-4.9 185.67 -4.47 185.83 -3.93 186.53 curveto
-3.39 187.23 -2.71 188.27 -2.74 189.85 curveto
-2.77 191.44 -4.13 191.86 -4.78 192.4 curveto
-5.43 192.95 -5.74 193.32 -5.66 193.75 curveto
-5.59 194.19 -6.11 195.03 -6.58 195.92 curveto
-7.05 196.81 -6.72 196.92 -6.72 196.92 curveto
-6.72 196.92 -6.21 198.34 -5.81 198.98 curveto
-5.41 199.63 -5.53 201.3 -5.62 202.07 curveto
-5.7 202.83 -6.86 202.97 -7.39 203 curveto
-7.92 203.02 -7.53 204 -7.46 204.58 curveto
-7.4 205.16 -6.58 205.15 -5.76 206.05 curveto
-4.93 206.95 -5.92 207.48 -6.42 207.94 curveto
-6.92 208.4 -6.65 208.65 -6.51 208.8 curveto
-6.37 208.95 -5.33 209.39 -5.01 209.74 curveto
-4.69 210.09 -4.87 210.85 -4.91 211.71 curveto
-4.96 212.58 -4.3 214.91 -3.66 215.62 curveto
-3.02 216.32 -3.28 217.94 -3.52 218.89 curveto
-3.76 219.84 -4.88 221.32 -5.33 222.55 curveto
-5.77 223.78 -5.31 224.19 -5.07 225.35 curveto
-4.84 226.52 -5.32 226.59 -5.46 227.54 curveto
-5.6 228.5 -3.51 235.13 -3.47 236.38 curveto
-3.44 237.63 -2.07 239.33 -1.38 241 curveto
-0.69 242.66 1.45 244.11 3.25 244.77 curveto
5.04 245.43 4.88 246.77 4.98 248.79 curveto
5.08 250.81 4.91 252.44 5 254.65 curveto
5.09 256.87 7.18 263.59 7.39 264.13 curveto
7.61 264.67 8.47 270.86 8.23 272 curveto
7.98 273.15 8.67 277.89 8.77 278.95 curveto
8.86 280.01 8.74 282.7 8.38 283.11 curveto
8.03 283.53 8.02 283.62 8.01 284.92 curveto
8 286.22 7.22 285.32 6.94 285.11 curveto
6.66 284.91 6.75 284.14 6.5 283.22 curveto
6.26 282.29 5.33 282.63 5.13 282.82 curveto
4.93 283 4.95 284.54 5.05 285.46 curveto
5.15 286.37 5.01 287.33 5.16 288.39 curveto
5.3 289.46 5.75 292.17 6.09 293.05 curveto
6.44 293.93 4.35 299.5 4.09 300.84 curveto
3.84 302.17 0.49 312.2 -0.25 313.7 curveto
-1 315.21 -4.55 317.15 -5.23 317.32 curveto
-5.91 317.48 -9.16 317.04 -10.27 318.33 curveto
-11.39 319.62 -13 321.09 -14.02 322.48 curveto
-15.05 323.87 -19.58 324.24 -21.03 324.36 curveto
-22.48 324.49 -24.69 326.59 -25.58 327.22 curveto
-26.48 327.86 -34.07 332.98 -34.07 332.98 curveto stroke
newpath -38.06 320.66 moveto
-38.06 320.66 -32.12 317.02 -30.2 316.92 curveto
-28.27 316.82 -25.16 316 -24.58 315.93 curveto
-24 315.86 -23.49 315.31 -22.96 314.18 curveto
-22.42 313.05 -21.13 312.06 -20.37 312.38 curveto
-19.62 312.7 -19.04 312.54 -17.36 311.66 curveto
-15.69 310.77 -14.72 310.72 -13.4 309.15 curveto
-12.08 307.58 -9.82 304.42 -9.08 303.01 curveto
-8.34 301.6 -5.34 299.05 -4.67 297.16 curveto
-4.01 295.27 -3.15 293.29 -3.86 292.1 curveto
-4.57 290.92 -4.98 289.36 -4.44 288.14 curveto
-3.91 286.91 -2.28 283.05 -1.7 278.85 curveto
-1.12 274.64 -1.63 273.18 -2.15 271.91 curveto
-2.67 270.63 -2 270.76 -2.02 267.01 curveto
-2.03 263.26 -1.97 261.92 -2.9 259.09 curveto
-3.82 256.26 -4.32 250.37 -5.01 248.71 curveto
-5.7 247.04 -5.4 242.73 -6.52 241.91 curveto
-7.63 241.09 -9.71 240.32 -9.98 237.81 curveto
-10.25 235.3 -10.71 232.97 -10.34 231.06 curveto
-9.96 229.16 -9.99 227.72 -10.13 226.75 curveto
-10.28 225.78 -10.88 225.18 -11.52 224.57 curveto
-12.17 223.96 -13.43 223.18 -12.87 221.58 curveto
-12.32 219.97 -11.95 220.27 -11.76 219.27 curveto
-11.56 218.27 -11.62 218.41 -11.82 217.54 curveto
-12.02 216.67 -12.84 214.75 -12.71 213.94 curveto
-12.57 213.13 -12.32 211.85 -12.12 210.7 curveto
-11.93 209.56 -12.44 208.19 -12.16 207.43 curveto
-11.89 206.68 -10.97 206.48 -11.14 205.17 curveto
-11.32 203.87 -11.26 201.56 -11.57 200.88 curveto
-11.87 200.19 -12.44 198.92 -12.22 198.44 curveto
-12.01 197.97 -11.66 197.8 -11.54 197.23 curveto
-11.42 196.66 -11.59 196.12 -11.66 195.64 curveto
-11.73 195.15 -11.19 194.84 -11.45 194.25 curveto
-11.71 193.66 -11.98 192.11 -12.1 191.72 curveto
-12.23 191.33 -12.74 189.96 -12.48 189.64 curveto
-12.23 189.31 -11.55 187.18 -12.91 185.39 curveto
-14.27 183.6 -16.81 182.42 -16.69 180.79 curveto
-16.56 179.17 -16.61 176.04 -16.04 175.11 curveto
-15.46 174.17 -14.99 173.38 -15.33 172.3 curveto
-15.66 171.23 -15.23 170.24 -14.82 169.68 curveto
-14.41 169.13 -13.34 167.78 -13.67 166.71 curveto
-14.01 165.64 -14.7 164.93 -14.66 164.12 curveto
-14.62 163.3 -14.76 161.18 -14.65 159.94 curveto
-14.55 158.69 -14.23 157.07 -14.86 154.98 curveto
-15.48 152.88 -16.44 148.71 -16.46 147.17 curveto
-16.49 145.63 -16.39 141.45 -15.76 140.33 curveto
-15.13 139.21 -14.65 138.12 -14.22 137.28 curveto
-13.8 136.43 -10.58 136.39 -10.58 136.39 curveto stroke
newpath -10.58 136.39 moveto
-8.92 136.95 -7.11 137.18 -6.35 137.45 curveto
-5.59 137.73 -1.38 138.12 -0.72 138.34 curveto
-0.06 138.56 2.77 138.65 3.34 138.91 curveto
3.9 139.18 6.32 139.82 7.2 139.62 curveto
8.07 139.42 11.84 138.93 12.97 138.5 curveto
14.09 138.07 16 137.34 16.8 135.65 curveto
17.6 133.96 19.29 130.72 19.95 125.9 curveto
20.61 121.08 21.51 114.15 21.55 113.24 curveto
21.59 112.33 22.39 106.55 22.31 105.15 curveto
22.23 103.76 20.56 97.34 19.94 95.1 curveto
19.33 92.86 18.24 89.3 17.71 88.36 curveto
17.18 87.42 14.8 84.86 14.29 83.4 curveto
13.78 81.93 12.79 78.43 12.32 77.35 curveto
11.84 76.27 9.55 71.69 9.04 71.38 curveto
8.53 71.07 7.01 68.45 6.65 66.94 curveto
6.29 65.44 4.67 61.04 4.52 60.07 curveto
4.38 59.1 2.83 57.11 1.89 56.68 curveto
0.95 56.25 -0.26 56.43 -1.54 55.08 curveto
-2.82 53.72 -10.05 47.9 -10.69 47.34 curveto
-11.34 46.79 -18.23 40.02 -18.78 38.32 curveto
-19.32 36.61 -20.2 34.79 -21.11 32.78 curveto
-22.03 30.77 -22.43 30.07 -23.6 28.48 curveto
-24.78 26.89 -27.33 24.85 -28.41 23.36 curveto
-29.49 21.86 -30.01 19.53 -30.67 18.25 curveto
-31.33 16.97 -31.99 14.68 -32.92 13.01 curveto
-33.86 11.33 -33.71 10.28 -34.82 9.36 curveto
-35.93 8.45 -36.78 7.01 -37.06 5.85 curveto
-37.34 4.68 -38.36 1.8 -38.45 0.59 curveto
-38.54 -0.61 -39.06 -1.79 -39.99 -3.37 curveto
-40.93 -4.95 -42.73 -9.51 -43.75 -10.42 curveto
-44.76 -11.33 -45.3 -14.24 -45.71 -14.74 curveto
-46.12 -15.24 -47.71 -17.23 -47.76 -18.29 curveto
-47.8 -19.35 -49.68 -23.28 -49.95 -23.87 curveto
-50.21 -24.46 -52.09 -31.47 -52.55 -32.84 curveto
-53.02 -34.2 -56.11 -41.17 -56.97 -42.32 curveto
-57.83 -43.46 -59.89 -45.58 -60.22 -47.66 curveto
-60.56 -49.74 -63.31 -59.91 -63.45 -60.83 curveto
-63.6 -61.75 -65.29 -66.87 -65.37 -68.27 curveto
-65.45 -69.67 -65.67 -72.99 -66.06 -73.97 curveto
-66.45 -74.95 -66.57 -76.45 -66.76 -77.47 curveto
-66.96 -78.48 -67.27 -83.16 -67.44 -84.51 curveto
-67.62 -85.87 -67.87 -89.68 -68.39 -91.09 curveto
-68.9 -92.51 -70.68 -96.44 -71.15 -97.71 curveto
-71.62 -98.98 -73.2 -103.28 -73.19 -104.44 curveto
-73.19 -105.59 -72.6 -108.97 -72.35 -111.22 curveto
-72.1 -113.47 -71.1 -117.36 -70.64 -119.07 curveto
-70.17 -120.78 -68.87 -129.03 -69.02 -130 curveto
-69.17 -130.96 -68.63 -133.2 -69.74 -136.28 curveto
-70.84 -139.36 -70.41 -140.34 -70.71 -141.13 curveto
-71.01 -141.91 -71.56 -143.57 -71.21 -144.9 curveto
-70.86 -146.23 -70.26 -148.79 -70.19 -149.27 curveto
-70.12 -149.75 -69.54 -151.84 -69.71 -153.48 curveto
-69.87 -155.12 -69.59 -160.1 -69.73 -161.17 curveto
-69.87 -162.23 -70.14 -166.86 -69.69 -168.23 curveto
-69.24 -169.6 -68.59 -173.22 -68.36 -175.09 curveto
-68.13 -176.95 -67.68 -178.32 -67.86 -179.72 curveto
-68.03 -181.13 -67.64 -184.42 -67.58 -185.62 curveto
-67.53 -186.82 -67.24 -187.86 -66.94 -190.25 curveto
-66.63 -192.64 -66.69 -197.59 -66.22 -198.39 curveto
-65.75 -199.18 -64.98 -202.37 -64.81 -203.8 curveto
-64.65 -205.23 -64.83 -206.59 -64.64 -207.44 curveto
-64.46 -208.3 -64.51 -210.37 -64.44 -211.71 curveto
-64.38 -213.05 -63.25 -217.81 -62.93 -218.46 curveto
-62.61 -219.12 -61.38 -223.82 -60.91 -224.62 curveto
-60.44 -225.41 -59.47 -229.74 -58.57 -230.51 curveto
-57.67 -231.29 -56.39 -233.01 -55.84 -233.37 curveto
-55.3 -233.73 -54.1 -233.57 -53.21 -234.16 curveto
-52.32 -234.74 -49.81 -235.97 -49.33 -238.11 curveto
-48.84 -240.25 -47.66 -243.99 -47.33 -245.85 curveto
-47.01 -247.71 -46.89 -250.1 -48.23 -252.47 curveto
-49.56 -254.84 -49.34 -255.46 -49.63 -256.43 curveto
-49.92 -257.4 -50.79 -258.26 -51.48 -258.92 curveto
-52.17 -259.58 -52.88 -259.75 -52.81 -260.33 curveto
-52.73 -260.9 -52.3 -261.84 -51.68 -262.87 curveto
-51.06 -263.9 -50.53 -264.93 -50.58 -267.86 curveto
-50.64 -270.8 -49.49 -275.88 -49.35 -276.84 curveto
-49.21 -277.79 -48.08 -282.26 -48.17 -283.42 curveto
-48.26 -284.57 -48.44 -287.03 -48.11 -287.98 curveto
-47.77 -288.92 -48.06 -290.04 -48.08 -290.67 curveto
-48.09 -291.29 -47.92 -291.91 -47.29 -292.99 curveto
-46.67 -294.06 -42.7 -298.68 -42.58 -299.3 curveto
-42.45 -299.92 -41.65 -301.66 -40.89 -302.44 curveto
-40.14 -303.22 -37.13 -304.91 -35.71 -305.42 curveto
-34.29 -305.93 -30.98 -307.98 -29.9 -308.32 curveto
-28.83 -308.65 -25.8 -310.87 -24.16 -311.03 curveto
-22.51 -311.19 -20.43 -311.62 -18.39 -313.02 curveto
-16.36 -314.41 -13.05 -316.28 -12.65 -316.64 curveto
-12.25 -317.01 -10.07 -317.24 -8.35 -317.02 curveto
-6.64 -316.79 -6.02 -316.57 -4.93 -317.29 curveto
-3.84 -318.01 -3.12 -320.04 -1.93 -319.79 curveto
-0.74 -319.55 2.46 -319.06 3.47 -319.06 curveto
4.47 -319.06 8.61 -318.1 9.64 -317.52 curveto
10.67 -316.95 14.09 -318.23 15.78 -318.44 curveto
17.48 -318.65 22.77 -320.8 23.66 -321.44 curveto
24.55 -322.07 30.76 -325.33 31.35 -325.69 curveto
31.95 -326.05 36.49 -326.65 37.18 -326.96 curveto
37.87 -327.26 40.67 -330.78 41.67 -331.45 curveto
42.66 -332.13 44.51 -332.76 44.9 -332.84 curveto
45.29 -332.92 47.13 -329.09 48.41 -326.62 curveto
49.69 -324.16 53.53 -318.02 53.96 -315.94 curveto
54.4 -313.85 56.39 -306.21 57.94 -304.27 curveto
59.48 -302.32 65.42 -296.7 66.9 -295.63 curveto stroke
showpage
%%EOF
