%!PS
%%BoundingBox: -132 -299 154 345 
%%HiResBoundingBox: -131.81667 -298.98096 153.23833 344.89833 
%%Creator: MetaPost 1.209
%%CreationDate: 2017.02.12:1925
%%Pages: 1
%%BeginProlog
%%EndProlog
%%Page: 1 1
 0 0 0 setrgbcolor 0 0.11667 dtransform truncate idtransform setlinewidth pop
 [] 0 setdash 1 setlinecap 1 setlinejoin 10 setmiterlimit
newpath 52.14 44.65 moveto
52.4 45.24 53.68 50.78 53.55 53.66 curveto
53.41 56.53 56.78 60.63 58.34 64.16 curveto
59.91 67.7 58.97 67.17 57.89 67.6 curveto
56.82 68.03 57.64 71.05 56.39 68.88 curveto
55.15 66.7 54.95 66.89 54.55 67.25 curveto
54.14 67.62 53.54 68.26 51.91 68.19 curveto
50.28 68.11 45.44 66.64 42.64 64.87 curveto
39.84 63.11 38.86 65.66 38.2 67.45 curveto
37.54 69.25 38.06 76.67 37.98 78.3 curveto
37.9 79.93 37.24 83.84 38.64 88.81 curveto
40.04 93.77 39.53 94.42 44.7 96.97 curveto
49.87 99.52 50.2 104.72 50.82 107.92 curveto
51.44 111.12 49.84 116.62 48.09 119.04 curveto
46.34 121.46 47.8 121.14 47.58 123.73 curveto
47.36 126.31 48.66 129.35 48.55 131.75 curveto
48.44 134.14 47.89 137.77 47.65 140.83 curveto
47.41 143.9 49.21 148.6 49.58 150.82 curveto
49.96 153.05 50.68 158.18 52.63 161.83 curveto
54.57 165.47 57.06 169.91 55.31 172.23 curveto
53.57 174.55 52.63 174.13 52.73 176.05 curveto
52.84 177.98 51.39 180.12 50.53 182.1 curveto
49.67 184.08 49.81 185.24 50.08 187.65 curveto
50.35 190.07 50.44 190.27 49.5 191.86 curveto
48.56 193.45 49.38 196.56 49.67 198.4 curveto
49.97 200.24 49.04 207.88 48.73 210.46 curveto
48.41 213.04 47.32 215.97 46.33 216.5 curveto
45.34 217.03 46.98 221.05 46.37 223.91 curveto
45.75 226.76 44.74 225.94 44.6 226.8 curveto
44.46 227.66 44.46 231.89 44.39 233.33 curveto
44.32 234.77 43.04 239.7 42.82 242.29 curveto
42.6 244.87 42.76 251.9 42.78 253.53 curveto
42.8 255.16 44.51 265.82 44.9 267.66 curveto
45.3 269.5 45.37 276.24 45.07 278.43 curveto
44.78 280.63 45.21 283.72 45.39 286.14 curveto
45.56 288.55 44.31 290.7 42.88 292.46 curveto
41.46 294.22 41.95 295.87 41.97 299.72 curveto stroke
newpath 41.97 299.72 moveto
42.54 301.86 42.84 301.59 43.7 303.74 curveto
44.56 305.89 45.71 308.16 46.14 309.24 curveto
46.57 310.31 48.17 313.08 48.91 315.71 curveto
49.65 318.34 49.27 318.32 49.27 320.43 curveto
49.26 322.55 50.44 324.04 51.14 325.61 curveto
51.83 327.18 52.43 328.85 52.87 329.73 curveto
53.31 330.62 53.67 331.11 54.84 332.8 curveto
56.01 334.49 56.85 335.11 57.36 336.48 curveto
57.87 337.84 59.56 344.84 59.56 344.84 curveto stroke
newpath 59.56 344.84 moveto
59.56 344.84 57.54 342.83 56.51 342.39 curveto
55.47 341.96 55.33 340.9 54.15 339.4 curveto
52.97 337.9 52.62 337.12 51.37 335.14 curveto
50.11 333.16 50.42 332.79 49.79 329.88 curveto
49.15 326.96 47.21 325.33 45.2 323.03 curveto
43.2 320.73 44.19 320 43.69 318.44 curveto
43.19 316.88 42.55 315.99 40.57 313.3 curveto
38.58 310.61 39.4 311.42 39.01 309.48 curveto
38.62 307.54 38.08 306.94 37.73 306.06 curveto
37.39 305.18 36.28 302.05 36.11 301.66 curveto stroke
newpath 36.11 301.66 moveto
35.47 301.05 34.26 300.03 32.51 298.51 curveto
30.75 296.99 29.82 296.46 28.01 296.09 curveto
26.2 295.72 23.5 291.75 22.14 290.14 curveto
20.77 288.54 16.43 290.94 14.17 291.98 curveto
11.91 293.03 7.62 292.26 5.97 292.66 curveto
4.32 293.06 0.66 293.08 -1.42 292.51 curveto
-3.51 291.93 -5.45 288.09 -7.67 286.26 curveto
-9.89 284.42 -10.97 285.05 -13.18 284.94 curveto
-15.39 284.84 -16.67 283.43 -18.59 281.52 curveto
-20.52 279.6 -25.87 278.78 -27.58 278.41 curveto
-29.29 278.04 -34.36 277.51 -36.45 277.03 curveto
-38.54 276.55 -43.21 275.66 -46.02 276.11 curveto
-48.83 276.55 -49.83 277.56 -55.05 280.11 curveto
-60.26 282.65 -63.94 281.13 -65.74 280.76 curveto
-67.55 280.39 -72.48 273 -76 269.9 curveto
-79.23 267.06 -83.66 267.24 -85.91 268.09 curveto
-88.16 268.95 -88.62 268.54 -89.46 268.03 curveto
-90.3 267.51 -95.81 268.11 -98.6 268.08 curveto
-101.38 268.05 -103.48 269.77 -105.61 270.16 curveto
-107.74 270.54 -111.61 266.8 -113.66 265.46 curveto
-115.71 264.11 -115.4 263.74 -115.77 263.34 curveto
-116.14 262.94 -119.01 262.71 -119.56 262.2 curveto
-120.11 261.7 -121.52 260.96 -122.29 260.92 curveto
-123.05 260.89 -123.86 259.5 -128.87 259.85 curveto
-133.88 260.19 -130.71 258.13 -131.35 257.42 curveto
-131.99 256.72 -130.9 253.89 -130.9 253.89 curveto stroke
newpath -116.48 231.11 moveto
-116.48 231.11 -113.78 230.95 -112.08 231.51 curveto
-110.37 232.07 -107.29 234.04 -106.62 233.97 curveto
-105.94 233.91 -105.44 233.55 -106.34 232.16 curveto
-107.24 230.77 -107.71 226.52 -108.54 225.72 curveto
-109.36 224.91 -110.31 222.46 -110 222 curveto
-109.69 221.53 -108.91 221.28 -107.09 221.56 curveto
-105.28 221.83 -103.93 221.61 -102.3 221.68 curveto
-100.66 221.76 -96.26 220.14 -93.82 221.21 curveto
-91.37 222.29 -89.14 221.91 -86.31 225.12 curveto
-83.48 228.33 -79.98 231.56 -78.15 231.55 curveto
-76.33 231.54 -74.51 231.72 -72.08 231.16 curveto
-69.65 230.6 -61.05 231.68 -59.15 229.94 curveto
-57.24 228.2 -56.36 227.86 -57.56 224.73 curveto
-58.76 221.6 -59.34 217.63 -57.32 215.51 curveto
-55.3 213.4 -55.67 213.19 -53.41 214.06 curveto
-51.14 214.94 -48.41 218.14 -47.39 219.05 curveto
-46.38 219.97 -40.29 225.44 -38.99 230.4 curveto
-37.68 235.36 -35.19 233.46 -35.7 238.34 curveto
-36.22 243.22 -37.24 246.53 -34.79 247.51 curveto
-32.33 248.49 -30.96 249.9 -27.97 249.65 curveto
-24.98 249.41 -25.98 248.21 -23.29 248.24 curveto
-20.6 248.27 -21.19 250.74 -19.33 249.96 curveto
-17.47 249.18 -16.2 246.65 -14.23 247.6 curveto
-12.25 248.56 -8.61 252.86 -6.32 253.16 curveto
-4.02 253.46 -4.36 252.49 -1.84 251.93 curveto
0.69 251.38 10.22 248.84 12.73 248.67 curveto
15.24 248.5 20.08 245.65 21.07 245.02 curveto
22.06 244.4 26.86 242.41 28.23 239.78 curveto
29.6 237.15 30.11 234.49 29.27 232.04 curveto
28.42 229.6 28.34 227.1 27.21 226.76 curveto
26.07 226.42 26 227.86 26.15 224.79 curveto
26.29 221.72 26.43 216.54 26.43 216.54 curveto
26.43 216.54 27.3 218.5 27.79 218.33 curveto
28.28 218.16 28.84 216.55 29.44 216 curveto
30.04 215.45 31.02 215.02 29.93 213.72 curveto
28.84 212.42 28.3 209.51 28.82 208.67 curveto
29.34 207.83 30.8 203.38 29.9 201.99 curveto
29 200.61 25.15 198.7 24.3 194.24 curveto
23.46 189.78 24.77 184.17 25.14 182.55 curveto
25.5 180.93 28.48 177.64 27.78 175.27 curveto stroke
newpath 27.78 175.27 moveto
27.33 174.68 26.51 173.77 26.06 173.18 curveto
25.6 172.58 24.58 171.76 24.58 171.76 curveto stroke
newpath 28.95 164.57 moveto
29.87 165.57 30.49 166.66 30.85 167.25 curveto
31.2 167.84 31.66 168.44 32.22 168.66 curveto
32.79 168.88 33.28 168.61 33.77 168.44 curveto
34.26 168.27 35.39 166.69 35.39 166.69 curveto stroke
newpath 35.39 166.69 moveto
34.83 162.15 33.35 154.78 32.49 152.72 curveto
31.62 150.66 29.37 145.36 30.59 143.88 curveto
31.81 142.4 35.95 142.31 35.56 138.35 curveto
35.17 134.39 30.17 130.22 30.05 126.65 curveto
29.93 123.09 29.59 113.95 28.82 111.8 curveto
28.06 109.65 25.74 105.79 25.76 103.39 curveto
25.77 100.99 25.32 96.35 23.99 96 curveto
22.66 95.65 22.6 88.73 22.39 86.99 curveto
22.18 85.25 21.84 80.24 21.96 77.65 curveto
22.08 75.06 20.41 71.71 21.52 70.71 curveto
22.62 69.7 23.6 69.36 23.6 69.36 curveto stroke
newpath 23.6 69.36 moveto
23.54 68.5 23.43 66.67 23.43 66.67 curveto stroke
newpath 24.81 65.96 moveto
24.64 67.68 lineto
24.56 69.31 lineto stroke
newpath 24.56 69.31 moveto
26.91 68.37 27.35 69.16 26.71 66.43 curveto
26.07 63.71 27.4 61.95 28.09 59.67 curveto
28.77 57.4 32.09 50.15 32.49 47.77 curveto
32.89 45.39 34 42.17 33.4 40.61 curveto
32.8 39.04 35.21 38.86 36.07 36.89 curveto
36.93 34.91 39.39 33.77 39.45 32.43 curveto
39.51 31.09 35.92 23.62 35.36 23.21 curveto
34.8 22.8 32.35 13.55 31.89 11.03 curveto
31.44 8.51 27.01 -7.74 26.86 -8.71 curveto
26.71 -9.68 26.51 -15.74 27.18 -19.75 curveto
27.85 -23.75 26.99 -27.93 25.57 -30.59 curveto
24.16 -33.25 20.15 -40.07 19.27 -41.74 curveto
18.39 -43.42 17.65 -46.05 18.32 -48.13 curveto
18.99 -50.21 23.89 -52.19 24.69 -52.73 curveto
25.48 -53.27 31.59 -56.54 32.89 -57.54 curveto
34.18 -58.54 40.11 -61.91 41.76 -66.54 curveto
43.42 -71.18 44.88 -73.61 44.11 -81.81 curveto
43.34 -90.02 45.63 -93.76 44.99 -96.48 curveto
44.34 -99.2 43.31 -110.01 43.13 -112.23 curveto
42.94 -114.45 39.24 -123.65 35.82 -126.6 curveto
32.4 -129.55 29.53 -135.93 29.48 -136.99 curveto stroke
newpath 29.48 -136.99 moveto
29.48 -136.99 26.27 -138.19 24.58 -141.06 curveto
22.87 -143.95 22.63 -144.51 21.23 -147.46 curveto
19.81 -150.46 18.48 -152.49 18.38 -154.32 curveto
18.27 -156.15 17.26 -160.39 17.83 -163.19 curveto
18.7 -167.47 20.45 -167.87 19.96 -171.74 curveto
19.57 -174.81 16.65 -181.02 16.11 -182.01 curveto
15.58 -182.99 14.76 -183.8 12.15 -185.56 curveto
9.54 -187.31 7.09 -190.5 6.76 -193.59 curveto
6.42 -196.68 6.61 -198.6 7.99 -201.41 curveto
9.37 -204.23 10.98 -207.81 12.17 -208.62 curveto
13.36 -209.43 15.43 -210.68 16.71 -211.29 curveto
17.99 -211.9 18.47 -211.78 18.52 -212.84 curveto
18.56 -213.89 19.7 -215.57 19.64 -216.25 curveto
19.57 -216.92 18.43 -229.57 20.07 -233.72 curveto
21.7 -237.87 23.53 -244.22 24.45 -245.33 curveto
25.37 -246.44 27.4 -250.96 27.56 -252.3 curveto
27.72 -253.64 30.8 -259.94 32.61 -261.58 curveto
34.42 -263.23 36.67 -268.21 40.6 -270.15 curveto
44.53 -272.08 44.66 -272.74 44.97 -273.21 curveto
45.28 -273.68 50.25 -285.46 52.56 -287.66 curveto
54.88 -289.85 53.79 -291.35 54.19 -291.62 curveto
54.59 -291.89 58.64 -290.06 60.6 -288.82 curveto
62.56 -287.57 64.33 -286.43 66.5 -287.68 curveto
68.67 -288.92 70.64 -289.98 71.02 -291.89 curveto
71.4 -293.79 72.8 -297 72.8 -297 curveto
72.8 -297 74.24 -295.01 77.22 -295.06 curveto
80.21 -295.11 83.04 -294.02 83.25 -294.39 curveto
83.46 -294.77 84.6 -298.75 84.6 -298.75 curveto
84.6 -298.75 88.29 -299.54 89.75 -297.74 curveto
91.2 -295.95 92.22 -293.02 92.41 -290.99 curveto
92.6 -288.96 91.67 -283.43 92.79 -282.61 curveto
93.9 -281.79 99.71 -276.42 100.43 -275.43 curveto
101.15 -274.44 104.6 -270.05 105.55 -269.71 curveto
106.49 -269.38 110.72 -267.26 111.06 -266.38 curveto
111.4 -265.5 115.84 -259.62 116.54 -258.25 curveto
117.25 -256.87 121.1 -250.83 121.76 -250.6 curveto
122.42 -250.38 121.45 -256.29 121.11 -257.17 curveto
120.76 -258.05 120.92 -261.31 122.86 -259.68 curveto
124.8 -258.05 125.78 -256.37 127.05 -254.78 curveto
128.32 -253.18 134.53 -250.3 136.07 -250.42 curveto
137.62 -250.54 144.65 -252.9 146.55 -250.41 curveto
148.45 -247.92 152 -243.62 152.1 -241.79 curveto
152.21 -239.96 153.18 -233.86 153.18 -233.86 curveto stroke
newpath 132.83 -189.25 moveto
132.16 -189.28 133.37 -182.3 133.21 -180.77 curveto
133.04 -179.24 135.6 -168.26 135.85 -165.27 curveto
136.09 -162.28 138.23 -150.55 139.09 -148.3 curveto
139.95 -146.05 138.43 -132 138.23 -129.8 curveto
138.03 -127.59 136.01 -123.46 135.43 -121.28 curveto
134.84 -119.09 134.44 -112.48 133.66 -110.11 curveto
132.87 -107.75 134 -94.91 134.86 -90.55 curveto
135.71 -86.18 132.99 -75.35 132.3 -72.79 curveto
131.6 -70.23 129.97 -64.16 126.24 -56.35 curveto
122.52 -48.55 107.56 -45.21 105.86 -45.77 curveto
104.15 -46.33 85.3 -39.91 82.88 -39.45 curveto
80.46 -38.98 69.73 -33.52 66.48 -31.95 curveto
63.24 -30.37 62.83 -31.92 61.96 -31.87 curveto
61.09 -31.81 52.48 -36.73 48.7 -38.06 curveto
44.92 -39.39 44.45 -37.68 43.41 -35.91 curveto
42.37 -34.13 39.49 -28.11 40.25 -25.96 curveto
41.02 -23.81 41.88 -19.73 41.64 -14.46 curveto
41.39 -9.19 47.25 1.08 48.46 4.02 curveto
49.67 6.96 50.97 10 50.89 11.73 curveto
50.81 13.45 50.81 15.47 51.45 16.17 curveto
52.09 16.88 52.78 18.54 52.48 20.93 curveto
52.17 23.32 53 24.22 53.33 25.29 curveto
53.67 26.37 54.15 30.43 53.39 32.41 curveto
52.62 34.39 50.32 34.19 49.15 34.52 curveto
47.99 34.85 48.79 36.23 48.73 37.48 curveto
48.67 38.72 49.65 40.4 49.65 40.4 curveto
49.65 40.4 50.44 41.98 51.28 42.59 curveto
52.11 43.21 52.14 44.65 52.14 44.65 curveto stroke
newpath 44.88 113.6 moveto
45.45 113.92 44.69 111.67 44.65 110.42 curveto
44.61 109.17 44.01 107.61 43.76 106.73 curveto
43.52 105.85 43.09 104.78 42.74 103.99 curveto
42.39 103.21 40.79 102.46 40.79 102.46 curveto
40.79 102.46 39.97 103.57 39.93 104.34 curveto
39.9 105.11 40.23 106.28 40.38 107.15 curveto
40.53 108.02 41.42 109.5 42.22 110.89 curveto
43.02 112.27 44.32 113.29 44.88 113.6 curveto closepath stroke
showpage
%%EOF
