%!PS
%%BoundingBox: -74 -334 68 334 
%%HiResBoundingBox: -73.35672 -333.0079 67.05667 333.14667 
%%Creator: MetaPost 1.209
%%CreationDate: 2017.03.02:1303
%%Pages: 1
%%BeginProlog
%%EndProlog
%%Page: 1 1
 0 0 0 setrgbcolor 0 0.16667 dtransform truncate idtransform setlinewidth pop
 [] 0 setdash 1 setlinecap 1 setlinejoin 10 setmiterlimit
newpath 38.75201 171.87294 moveto
42.1504 176.81764 lineto stroke
newpath 39.9622 172.45683 moveto
39.4913 172.57863 39.03534 172.2852 38.75201 171.87294 curveto stroke
newpath 38.86342 173.21202 moveto
39.14587 172.81602 39.03534 172.2852 38.75201 171.87294 curveto stroke
newpath 42.1504 176.81764 moveto
41.97859 177.74464 lineto stroke
newpath 41.7728 176.26823 moveto
41.60101 177.19524 lineto stroke
newpath 41.39522 175.71884 moveto
41.2234 176.64583 lineto stroke
newpath 41.83922 100.4779 moveto
41.79794 100.20497 42.24445 100.0414 42.13501 99.75894 curveto
41.99303 99.39246 41.25226 99.86583 41.17041 99.39912 curveto
41.08157 98.89261 41.96983 99.14764 42.01848 98.7652 curveto
42.07306 98.33606 41.42583 98.46692 41.22665 98.21072 curveto
40.9841 97.89877 41.39383 97.53291 41.34077 97.1821 curveto stroke
newpath 40.85468 97.85513 moveto
40.95078 97.6167 41.27495 97.44804 41.34077 97.1821 curveto
41.48228 97.4167 41.37231 97.76517 41.47298 98.00172 curveto
 closepath stroke
newpath 40.85468 97.85513 moveto
40.95078 97.6167 41.27495 97.44804 41.34077 97.1821 curveto
41.48228 97.4167 41.37231 97.76517 41.47298 98.00172 curveto
 closepath fill
 0 0.33333 dtransform truncate idtransform setlinewidth pop
newpath 35.69 186.98 moveto
35.47 186.54 34.84 186.7 34.22 185.56 curveto
33.6 184.43 31.65 182.99 30.94 182.77 curveto
30.22 182.54 26.64 180.02 25.27 179.62 curveto
23.89 179.22 22.08 176.83 21.5 175.89 curveto
20.92 174.95 18.81 172.83 18.46 172.14 curveto
18.11 171.45 14.8 168.17 13.2 165.45 curveto
11.59 162.74 8.94 161.94 7.69 161.11 curveto
6.43 160.28 3.7 162.13 3.01 162.53 curveto
2.32 162.93 1 165.46 0.27 166.58 curveto
-0.45 167.7 -1.4 168.47 -1.41 168.81 curveto
-1.43 169.14 -1.72 171.34 -2.12 171.65 curveto
-2.52 171.97 -3.04 173.73 -3.04 174.83 curveto
-3.04 175.93 -4.45 178.37 -5.09 179.68 curveto
-5.73 181 -5.72 181.86 -5.84 182.43 curveto
-5.97 183 -5.32 184.67 -5.11 185.16 curveto
-4.89 185.65 -4.46 185.81 -3.92 186.51 curveto
-3.38 187.21 -2.7 188.25 -2.73 189.83 curveto
-2.76 191.42 -4.12 191.84 -4.77 192.38 curveto
-5.42 192.93 -5.73 193.3 -5.65 193.73 curveto
-5.58 194.17 -6.1 195.01 -6.57 195.9 curveto
-7.05 196.79 -6.71 196.91 -6.71 196.91 curveto
-6.71 196.91 -6.2 198.32 -5.8 198.97 curveto
-5.4 199.61 -5.53 201.29 -5.61 202.05 curveto
-5.69 202.82 -6.85 202.95 -7.38 202.98 curveto
-7.91 203 -7.53 203.98 -7.46 204.56 curveto
-7.39 205.14 -6.57 205.13 -5.75 206.03 curveto
-4.93 206.94 -5.91 207.47 -6.42 207.92 curveto
-6.92 208.38 -6.64 208.63 -6.5 208.79 curveto
-6.37 208.94 -5.33 209.37 -5.01 209.72 curveto
-4.69 210.07 -4.87 210.83 -4.91 211.7 curveto
-4.95 212.56 -4.29 214.9 -3.65 215.6 curveto
-3.01 216.3 -3.28 217.92 -3.52 218.87 curveto
-3.75 219.82 -4.88 221.31 -5.32 222.53 curveto
-5.76 223.76 -5.3 224.17 -5.07 225.33 curveto
-4.83 226.5 -5.32 226.57 -5.46 227.53 curveto
-5.6 228.48 -3.5 235.11 -3.47 236.37 curveto
-3.43 237.62 -2.06 239.31 -1.37 240.98 curveto
-0.68 242.65 1.46 244.09 3.26 244.75 curveto
5.05 245.41 4.89 246.75 4.99 248.77 curveto
5.09 250.8 4.92 252.42 5.01 254.64 curveto
5.09 256.85 7.18 263.58 7.4 264.12 curveto
7.61 264.66 8.48 270.85 8.23 271.99 curveto
7.99 273.13 8.68 277.87 8.77 278.93 curveto
8.87 280 8.74 282.68 8.39 283.1 curveto
8.03 283.51 8.03 283.61 8.02 284.9 curveto
8 286.2 7.23 285.3 6.95 285.1 curveto
6.67 284.89 6.75 284.13 6.51 283.2 curveto
6.26 282.28 5.33 282.62 5.13 282.8 curveto
4.93 282.98 4.96 284.52 5.06 285.44 curveto
5.16 286.36 5.02 287.31 5.16 288.38 curveto
5.31 289.44 5.76 292.15 6.1 293.03 curveto
6.44 293.91 4.36 299.49 4.1 300.82 curveto
3.85 302.15 0.5 312.19 -0.24 313.69 curveto
-0.99 315.19 -4.54 317.14 -5.22 317.3 curveto
-5.9 317.47 -9.14 317.03 -10.26 318.32 curveto
-11.38 319.61 -12.98 321.08 -14.01 322.47 curveto
-15.04 323.86 -19.57 324.23 -21.02 324.36 curveto
-22.47 324.48 -24.68 326.59 -25.57 327.22 curveto
-26.47 327.85 -34.06 332.98 -34.06 332.98 curveto stroke
newpath 60.19 -282.8 moveto
59.24 -283.9 48.75 -289.87 47.64 -290.73 curveto
46.53 -291.6 38.94 -294.74 37.11 -295.74 curveto
35.29 -296.74 31.03 -298.14 29.22 -298.46 curveto
27.41 -298.79 25.57 -298.58 24.89 -298.37 curveto
24.21 -298.17 22.46 -298.63 21.6 -298.82 curveto
20.74 -299 15.81 -299.18 14.69 -299.04 curveto
13.58 -298.9 11.12 -297.62 9.45 -296.83 curveto
7.78 -296.05 3.94 -295.02 3.36 -294.86 curveto
2.77 -294.69 -4.79 -292.26 -5.8 -292.31 curveto
-6.8 -292.35 -14.6 -289.16 -16.36 -288.52 curveto
-18.12 -287.89 -18.93 -285.95 -20.32 -283.95 curveto
-21.71 -281.95 -22.51 -279.1 -22.84 -277.29 curveto
-23.16 -275.48 -26.18 -268.56 -27.25 -267.17 curveto
-28.32 -265.77 -28.92 -262.24 -29.1 -259.46 curveto
-29.28 -256.68 -30.35 -255.25 -30.39 -254.38 curveto
-30.43 -253.52 -30.87 -252.48 -31.07 -251.34 curveto
-31.26 -250.19 -32.35 -248.56 -33.15 -246.97 curveto
-33.94 -245.37 -35.09 -242.4 -35 -240.33 curveto
-34.9 -238.26 -34.85 -236.28 -35.03 -234.61 curveto
-35.2 -232.94 -37.86 -229.51 -38.27 -227.85 curveto
-38.69 -226.19 -39.92 -223.46 -39.46 -221.13 curveto
-38.99 -218.8 -37.97 -217.94 -37.58 -216.1 curveto
-37.18 -214.25 -37.72 -208.8 -37.8 -207.07 curveto
-37.88 -205.35 -38.04 -204.01 -38.01 -202.61 curveto
-37.97 -201.22 -40.06 -199.78 -42.03 -196.55 curveto
-44.01 -193.32 -45.7 -193.21 -46.23 -192.18 curveto
-46.76 -191.14 -50.02 -182.16 -50.76 -180.66 curveto
-51.5 -179.16 -51.97 -176.3 -52.49 -175.6 curveto
-53 -174.9 -54.16 -170.68 -54.38 -169.01 curveto
-54.6 -167.34 -53.98 -165.25 -54.04 -164 curveto
-54.09 -162.75 -53.69 -159.13 -53.44 -157.1 curveto
-53.2 -155.07 -52.87 -149.72 -52.82 -148.76 curveto
-52.77 -147.8 -51.89 -139.88 -51.81 -138.43 curveto
-51.74 -136.99 -53.46 -128.85 -53.47 -127.7 curveto
-53.47 -126.55 -54.63 -123.33 -54.78 -122.28 curveto
-54.92 -121.23 -54.86 -116.28 -54.86 -115.37 curveto
-54.85 -114.45 -54.83 -112.77 -54.5 -111.7 curveto
-54.17 -110.63 -53.47 -106.94 -52.9 -105.86 curveto
-52.32 -104.78 -52.45 -98.97 -52.43 -97.28 curveto
-52.42 -95.6 -52.93 -91.69 -53.39 -90.22 curveto
-53.84 -88.75 -53.32 -84.45 -53.13 -81.32 curveto
-52.94 -78.19 -52.06 -76.46 -51.61 -75.72 curveto
-51.17 -74.98 -50.26 -73.88 -49.42 -72.35 curveto
-48.57 -70.82 -49.11 -70.75 -48.61 -70.01 curveto
-48.12 -69.27 -47.37 -63.7 -46.84 -62.62 curveto
-46.32 -61.54 -46.39 -60.92 -46.31 -59.67 curveto
-46.22 -58.41 -45.9 -57.1 -45.4 -55.49 curveto
-44.89 -53.88 -44.08 -48.66 -42.74 -46.43 curveto
-41.41 -44.21 -38.75 -40.38 -37.78 -39.42 curveto
-36.82 -38.47 -35.26 -32.87 -33.68 -30.63 curveto
-32.1 -28.39 -31.69 -21.74 -31.47 -20.39 curveto
-31.24 -19.03 -31.34 -13.8 -29.72 -10.46 curveto
-28.1 -7.11 -26.41 -5.07 -25.39 -4.3 curveto
-24.37 -3.53 -23.05 0.09 -22.34 1.52 curveto
-21.64 2.94 -20.1 5.95 -19.64 7.36 curveto
-19.17 8.78 -16.64 13.23 -15.46 14.68 curveto
-14.28 16.13 -9.98 19.79 -9.25 20.69 curveto
-8.52 21.59 -4.54 23.65 -3.48 23.75 curveto
-2.43 23.84 3.07 27.46 5.29 28.29 curveto
7.51 29.11 11.04 36.63 11.77 37.48 curveto
12.5 38.33 13.87 41.95 14.4 42.89 curveto
14.93 43.82 16.9 49.05 17.35 49.7 curveto
17.8 50.35 18.46 54.65 19.03 55.83 curveto
19.6 57.01 19.69 60.23 20.38 61.9 curveto
21.08 63.56 23.75 68.97 24.39 69.82 curveto
25.02 70.67 29.59 79.86 30.02 80.79 curveto
30.46 81.73 32.09 87.95 32.79 89.43 curveto
33.49 90.9 34.4 94.11 34.94 95.97 curveto
35.48 97.82 35.79 100.57 35.95 103.27 curveto
36.12 105.97 35.71 108.65 35.35 110.12 curveto
34.99 111.6 35.82 112.5 36.28 113.92 curveto
36.74 115.33 36.08 117.13 36.23 117.95 curveto
36.39 118.78 36.3 123.77 36.21 125.64 curveto
36.12 127.51 34.66 129.03 34.17 130.2 curveto
33.68 131.38 33.85 135.91 34.63 137.72 curveto
35.41 139.54 36.65 142.77 36.79 145.03 curveto
36.92 147.3 35.85 152.73 35.01 155.38 curveto
34.16 158.03 34.18 163.7 34.41 165.1 curveto
34.63 166.51 34.41 173.27 34.51 174.14 curveto
34.61 175.01 35.99 179.4 37.03 180.94 curveto
38.06 182.48 41.3 184.12 41.85 184.67 curveto stroke
newpath -38.05 320.66 moveto
-38.05 320.66 -32.12 317.02 -30.19 316.91 curveto
-28.26 316.81 -25.15 315.99 -24.57 315.93 curveto
-23.99 315.86 -23.48 315.3 -22.95 314.17 curveto
-22.42 313.05 -21.12 312.05 -20.37 312.37 curveto
-19.61 312.7 -19.03 312.53 -17.35 311.65 curveto
-15.68 310.76 -14.71 310.71 -13.39 309.14 curveto
-12.07 307.57 -9.81 304.4 -9.07 303 curveto
-8.33 301.59 -5.33 299.04 -4.66 297.15 curveto
-4 295.25 -3.14 293.28 -3.85 292.09 curveto
-4.57 290.9 -4.97 289.35 -4.44 288.12 curveto
-3.9 286.9 -2.28 283.03 -1.7 278.83 curveto
-1.12 274.63 -1.62 273.16 -2.14 271.89 curveto
-2.66 270.62 -1.99 270.74 -2.01 267 curveto
-2.03 263.25 -1.96 261.9 -2.89 259.07 curveto
-3.81 256.24 -4.31 250.36 -5 248.69 curveto
-5.69 247.03 -5.39 242.72 -6.51 241.9 curveto
-7.62 241.07 -9.7 240.31 -9.97 237.79 curveto
-10.24 235.28 -10.71 232.95 -10.33 231.05 curveto
-9.95 229.14 -9.98 227.7 -10.13 226.73 curveto
-10.28 225.76 -10.87 225.16 -11.52 224.55 curveto
-12.16 223.95 -13.43 223.17 -12.87 221.56 curveto
-12.32 219.95 -11.94 220.26 -11.75 219.26 curveto
-11.56 218.26 -11.62 218.4 -11.82 217.52 curveto
-12.02 216.65 -12.84 214.73 -12.71 213.92 curveto
-12.57 213.11 -12.32 211.83 -12.12 210.68 curveto
-11.92 209.54 -12.43 208.17 -12.16 207.41 curveto
-11.88 206.66 -10.96 206.46 -11.14 205.16 curveto
-11.32 203.85 -11.26 201.55 -11.56 200.86 curveto
-11.87 200.17 -12.43 198.89 -12.22 198.42 curveto
-12 197.95 -11.66 197.78 -11.53 197.21 curveto
-11.41 196.64 -11.58 196.1 -11.65 195.62 curveto
-11.72 195.13 -11.18 194.82 -11.44 194.23 curveto
-11.7 193.64 -11.97 192.09 -12.09 191.7 curveto
-12.22 191.31 -12.73 189.94 -12.47 189.62 curveto
-12.22 189.29 -11.54 187.16 -12.9 185.37 curveto
-14.26 183.58 -16.8 182.4 -16.67 180.77 curveto
-16.55 179.15 -16.59 176.02 -16.02 175.09 curveto
-15.45 174.15 -14.98 173.36 -15.31 172.29 curveto
-15.65 171.21 -15.22 170.23 -14.81 169.67 curveto
-14.4 169.11 -13.33 167.77 -13.66 166.7 curveto
-14 165.62 -14.68 164.92 -14.65 164.1 curveto
-14.61 163.29 -14.75 161.17 -14.64 159.93 curveto
-14.54 158.68 -14.22 157.06 -14.84 154.97 curveto
-15.47 152.87 -16.43 148.7 -16.45 147.16 curveto
-16.47 145.62 -16.38 141.44 -15.75 140.32 curveto
-15.12 139.2 -14.64 138.11 -14.21 137.27 curveto
-13.79 136.42 -10.57 136.38 -10.57 136.38 curveto stroke
 0 0.16667 dtransform truncate idtransform setlinewidth pop
newpath 30.31 168.6533 moveto
30.31 166.82004 lineto
29.81003 165.98671 lineto stroke
newpath 30.31 166.82004 moveto
30.80997 165.98671 lineto stroke
 0 0.33333 dtransform truncate idtransform setlinewidth pop
newpath -10.57 136.38 moveto
-8.91 136.94 -7.1 137.17 -6.34 137.45 curveto
-5.59 137.72 -1.38 138.11 -0.71 138.33 curveto
-0.05 138.56 2.78 138.64 3.34 138.91 curveto
3.91 139.17 6.33 139.81 7.2 139.61 curveto
8.07 139.41 11.85 138.92 12.97 138.49 curveto
14.1 138.06 16.01 137.33 16.81 135.64 curveto
17.61 133.95 19.3 130.71 19.95 125.89 curveto
20.61 121.06 21.51 114.14 21.56 113.22 curveto
21.6 112.31 22.39 106.53 22.31 105.13 curveto
22.23 103.73 20.56 97.31 19.94 95.07 curveto
19.33 92.83 18.24 89.28 17.71 88.34 curveto
17.18 87.4 14.8 84.84 14.29 83.38 curveto
13.78 81.91 12.79 78.41 12.32 77.33 curveto
11.84 76.25 9.55 71.67 9.04 71.36 curveto
8.52 71.05 7.01 68.43 6.65 66.93 curveto
6.29 65.42 4.67 61.02 4.52 60.05 curveto
4.37 59.09 2.83 57.09 1.89 56.67 curveto
0.95 56.24 -0.26 56.42 -1.54 55.06 curveto
-2.82 53.71 -10.04 47.89 -10.69 47.33 curveto
-11.34 46.78 -18.23 40.02 -18.77 38.31 curveto
-19.32 36.6 -20.19 34.79 -21.11 32.77 curveto
-22.02 30.76 -22.43 30.07 -23.6 28.48 curveto
-24.78 26.88 -27.33 24.84 -28.41 23.35 curveto
-29.49 21.86 -30.01 19.52 -30.67 18.24 curveto
-31.33 16.96 -32 14.67 -32.93 12.99 curveto
-33.86 11.32 -33.71 10.26 -34.82 9.35 curveto
-35.93 8.43 -36.78 7 -37.06 5.83 curveto
-37.34 4.66 -38.36 1.78 -38.45 0.57 curveto
-38.54 -0.63 -39.06 -1.81 -40 -3.39 curveto
-40.93 -4.97 -42.74 -9.53 -43.75 -10.44 curveto
-44.76 -11.35 -45.3 -14.26 -45.71 -14.76 curveto
-46.12 -15.26 -47.71 -17.25 -47.76 -18.31 curveto
-47.8 -19.37 -49.68 -23.3 -49.95 -23.89 curveto
-50.21 -24.48 -52.09 -31.49 -52.55 -32.86 curveto
-53.02 -34.22 -56.11 -41.19 -56.97 -42.34 curveto
-57.83 -43.48 -59.89 -45.6 -60.22 -47.68 curveto
-60.56 -49.76 -63.3 -59.93 -63.45 -60.85 curveto
-63.6 -61.77 -65.29 -66.9 -65.36 -68.29 curveto
-65.44 -69.69 -65.67 -73.02 -66.06 -73.99 curveto
-66.45 -74.97 -66.57 -76.47 -66.76 -77.49 curveto
-66.95 -78.5 -67.26 -83.18 -67.44 -84.53 curveto
-67.62 -85.89 -67.87 -89.69 -68.38 -91.11 curveto
-68.89 -92.53 -70.68 -96.45 -71.15 -97.73 curveto
-71.62 -99 -73.2 -103.3 -73.19 -104.45 curveto
-73.19 -105.6 -72.6 -108.99 -72.35 -111.23 curveto
-72.1 -113.48 -71.1 -117.37 -70.64 -119.08 curveto
-70.17 -120.79 -68.88 -129.04 -69.02 -130.01 curveto
-69.17 -130.98 -68.63 -133.21 -69.74 -136.29 curveto
-70.84 -139.37 -70.41 -140.36 -70.71 -141.14 curveto
-71.01 -141.92 -71.56 -143.58 -71.21 -144.91 curveto
-70.86 -146.24 -70.26 -148.8 -70.19 -149.28 curveto
-70.12 -149.76 -69.54 -151.85 -69.71 -153.49 curveto
-69.87 -155.13 -69.59 -160.11 -69.73 -161.18 curveto
-69.88 -162.24 -70.14 -166.86 -69.69 -168.24 curveto
-69.24 -169.61 -68.6 -173.23 -68.37 -175.09 curveto
-68.13 -176.96 -67.69 -178.33 -67.86 -179.73 curveto
-68.04 -181.13 -67.64 -184.43 -67.58 -185.63 curveto
-67.53 -186.83 -67.24 -187.87 -66.93 -190.26 curveto
-66.63 -192.65 -66.68 -197.6 -66.21 -198.4 curveto
-65.74 -199.19 -64.97 -202.37 -64.8 -203.81 curveto
-64.64 -205.24 -64.82 -206.59 -64.63 -207.45 curveto
-64.45 -208.3 -64.5 -210.37 -64.44 -211.71 curveto
-64.37 -213.06 -63.24 -217.81 -62.92 -218.47 curveto
-62.61 -219.13 -61.38 -223.83 -60.91 -224.63 curveto
-60.44 -225.42 -59.47 -229.75 -58.57 -230.53 curveto
-57.67 -231.3 -56.39 -233.02 -55.84 -233.38 curveto
-55.29 -233.74 -54.1 -233.59 -53.21 -234.17 curveto
-52.32 -234.75 -49.81 -235.98 -49.32 -238.12 curveto
-48.84 -240.26 -47.65 -244 -47.32 -245.86 curveto
-47 -247.71 -46.88 -250.11 -48.22 -252.48 curveto
-49.55 -254.85 -49.33 -255.46 -49.62 -256.44 curveto
-49.91 -257.41 -50.78 -258.27 -51.47 -258.92 curveto
-52.16 -259.58 -52.87 -259.76 -52.8 -260.33 curveto
-52.72 -260.91 -52.29 -261.85 -51.67 -262.87 curveto
-51.05 -263.9 -50.52 -264.93 -50.57 -267.87 curveto
-50.63 -270.8 -49.48 -275.89 -49.34 -276.85 curveto
-49.2 -277.8 -48.08 -282.27 -48.17 -283.43 curveto
-48.26 -284.58 -48.43 -287.04 -48.1 -287.99 curveto
-47.77 -288.93 -48.05 -290.05 -48.07 -290.68 curveto
-48.09 -291.31 -47.92 -291.92 -47.29 -293 curveto
-46.66 -294.07 -42.7 -298.7 -42.57 -299.32 curveto
-42.45 -299.93 -41.65 -301.67 -40.89 -302.46 curveto
-40.13 -303.24 -37.12 -304.92 -35.7 -305.43 curveto
-34.29 -305.94 -30.97 -308 -29.9 -308.33 curveto
-28.82 -308.67 -25.79 -310.88 -24.14 -311.04 curveto
-22.5 -311.21 -20.42 -311.64 -18.38 -313.03 curveto
-16.34 -314.42 -13.04 -316.29 -12.63 -316.65 curveto
-12.23 -317.02 -10.06 -317.25 -8.34 -317.03 curveto
-6.62 -316.8 -6.01 -316.58 -4.92 -317.3 curveto
-3.82 -318.01 -3.11 -320.05 -1.92 -319.8 curveto
-0.73 -319.55 2.47 -319.06 3.48 -319.06 curveto
4.49 -319.07 8.62 -318.1 9.65 -317.53 curveto
10.68 -316.95 14.1 -318.23 15.79 -318.44 curveto
17.48 -318.65 22.77 -320.8 23.66 -321.44 curveto
24.55 -322.07 30.76 -325.33 31.35 -325.69 curveto
31.94 -326.05 36.49 -326.65 37.17 -326.95 curveto
37.86 -327.26 40.67 -330.78 41.66 -331.45 curveto
42.65 -332.13 44.5 -332.76 44.89 -332.84 curveto
45.28 -332.92 47.12 -329.09 48.4 -326.62 curveto
49.67 -324.16 53.52 -318.03 53.95 -315.94 curveto
54.38 -313.86 56.38 -306.23 57.92 -304.28 curveto
59.47 -302.34 65.41 -296.72 66.89 -295.65 curveto stroke
 0 0.11667 dtransform truncate idtransform setlinewidth pop
newpath 25.64336 -308.58 moveto
26.97664 -308.58 lineto stroke
 0.11667 0 dtransform exch truncate exch idtransform pop setlinewidth
newpath 26.31 -309.24664 moveto
26.31 -307.91336 lineto stroke
 0.00002 0.00018 0.00008 setrgbcolor
newpath 26.57668 -308.58 moveto
26.57668 -308.50928 26.54857 -308.44145 26.49855 -308.39145 curveto
26.44855 -308.34143 26.38072 -308.31332 26.31 -308.31332 curveto
26.23927 -308.31332 26.17145 -308.34143 26.12144 -308.39145 curveto
26.07143 -308.44145 26.04332 -308.50928 26.04332 -308.58 curveto
26.04332 -308.65073 26.07143 -308.71855 26.12144 -308.76855 curveto
26.17145 -308.81857 26.23927 -308.84668 26.31 -308.84668 curveto
26.38072 -308.84668 26.44855 -308.81857 26.49855 -308.76855 curveto
26.54857 -308.71855 26.57668 -308.65073 26.57668 -308.58 curveto closepath fill
 0 0 0 setrgbcolor 0 0.16667 dtransform truncate idtransform setlinewidth pop
newpath 26.31 -308.58 moveto 0 0 rlineto stroke
 0 0.11667 dtransform truncate idtransform setlinewidth pop
newpath 0.37335 -303.96 moveto
1.70663 -303.96 lineto stroke
 0.11667 0 dtransform exch truncate exch idtransform pop setlinewidth
newpath 1.04 -304.62665 moveto
1.04 -303.29337 lineto stroke
 0.00002 0.00018 0.00008 setrgbcolor
newpath 1.30667 -303.96 moveto
1.30667 -303.88928 1.27856 -303.82146 1.22855 -303.77145 curveto
1.17854 -303.72144 1.11072 -303.69333 1.04 -303.69333 curveto
0.96927 -303.69333 0.90144 -303.72144 0.85144 -303.77145 curveto
0.80142 -303.82146 0.77332 -303.88928 0.77332 -303.96 curveto
0.77332 -304.03073 0.80142 -304.09856 0.85144 -304.14856 curveto
0.90144 -304.19858 0.96927 -304.22668 1.04 -304.22668 curveto
1.11072 -304.22668 1.17854 -304.19858 1.22855 -304.14856 curveto
1.27856 -304.09856 1.30667 -304.03073 1.30667 -303.96 curveto closepath fill
 0 0 0 setrgbcolor 0 0.16667 dtransform truncate idtransform setlinewidth pop
newpath 1.04 -303.96 moveto 0 0 rlineto stroke
 0 0.11667 dtransform truncate idtransform setlinewidth pop
newpath -33.44664 -298.52 moveto
-32.11336 -298.52 lineto stroke
 0.11667 0 dtransform exch truncate exch idtransform pop setlinewidth
newpath -32.78 -299.18665 moveto
-32.78 -297.85336 lineto stroke
 0.00002 0.00018 0.00008 setrgbcolor
newpath -32.51332 -298.52 moveto
-32.51332 -298.44928 -32.54143 -298.38145 -32.59145 -298.33145 curveto
-32.64145 -298.28143 -32.70927 -298.25333 -32.78 -298.25333 curveto
-32.85072 -298.25333 -32.91855 -298.28143 -32.96855 -298.33145 curveto
-33.01857 -298.38145 -33.04668 -298.44928 -33.04668 -298.52 curveto
-33.04668 -298.59073 -33.01857 -298.65855 -32.96855 -298.70856 curveto
-32.91855 -298.75858 -32.85072 -298.78668 -32.78 -298.78668 curveto
-32.70927 -298.78668 -32.64145 -298.75858 -32.59145 -298.70856 curveto
-32.54143 -298.65855 -32.51332 -298.59073 -32.51332 -298.52 curveto closepath
 fill
 0 0 0 setrgbcolor 0 0.16667 dtransform truncate idtransform setlinewidth pop
newpath -32.78 -298.52 moveto 0 0 rlineto stroke
 0 0.11667 dtransform truncate idtransform setlinewidth pop
newpath -40.29665 -255.13 moveto
-38.96336 -255.13 lineto stroke
 0.11667 0 dtransform exch truncate exch idtransform pop setlinewidth
newpath -39.63 -255.79665 moveto
-39.63 -254.46336 lineto stroke
 0.00002 0.00018 0.00008 setrgbcolor
newpath -39.36333 -255.13 moveto
-39.36333 -255.05928 -39.39143 -254.99146 -39.44145 -254.94145 curveto
-39.49146 -254.89143 -39.55928 -254.86333 -39.63 -254.86333 curveto
-39.70073 -254.86333 -39.76855 -254.89143 -39.81856 -254.94145 curveto
-39.86858 -254.99146 -39.89668 -255.05928 -39.89668 -255.13 curveto
-39.89668 -255.20073 -39.86858 -255.26855 -39.81856 -255.31856 curveto
-39.76855 -255.36858 -39.70073 -255.39668 -39.63 -255.39668 curveto
-39.55928 -255.39668 -39.49146 -255.36858 -39.44145 -255.31856 curveto
-39.39143 -255.26855 -39.36333 -255.20073 -39.36333 -255.13 curveto closepath
 fill
 0 0 0 setrgbcolor 0 0.16667 dtransform truncate idtransform setlinewidth pop
newpath -39.63 -255.13 moveto 0 0 rlineto stroke
 0 0.11667 dtransform truncate idtransform setlinewidth pop
newpath -50.03664 -217.18 moveto
-48.70335 -217.18 lineto stroke
 0.11667 0 dtransform exch truncate exch idtransform pop setlinewidth
newpath -49.37 -217.84663 moveto
-49.37 -216.51335 lineto stroke
 0.00002 0.00018 0.00008 setrgbcolor
newpath -49.10332 -217.18 moveto
-49.10332 -217.10927 -49.13142 -217.04144 -49.18144 -216.99144 curveto
-49.23145 -216.94142 -49.29927 -216.91331 -49.37 -216.91331 curveto
-49.44072 -216.91331 -49.50854 -216.94142 -49.55855 -216.99144 curveto
-49.60857 -217.04144 -49.63667 -217.10927 -49.63667 -217.18 curveto
-49.63667 -217.25072 -49.60857 -217.31854 -49.55855 -217.36855 curveto
-49.50854 -217.41856 -49.44072 -217.44667 -49.37 -217.44667 curveto
-49.29927 -217.44667 -49.23145 -217.41856 -49.18144 -217.36855 curveto
-49.13142 -217.31854 -49.10332 -217.25072 -49.10332 -217.18 curveto closepath
 fill
 0 0 0 setrgbcolor 0 0.16667 dtransform truncate idtransform setlinewidth pop
newpath -49.37 -217.18 moveto 0 0 rlineto stroke
 0 0.11667 dtransform truncate idtransform setlinewidth pop
newpath -59.82664 -207.05 moveto
-58.49336 -207.05 lineto stroke
 0.11667 0 dtransform exch truncate exch idtransform pop setlinewidth
newpath -59.16 -207.71664 moveto
-59.16 -206.38336 lineto stroke
 0.00002 0.00018 0.00008 setrgbcolor
newpath -58.89333 -207.05 moveto
-58.89333 -206.97928 -58.92143 -206.91145 -58.97145 -206.86145 curveto
-59.02145 -206.81143 -59.08928 -206.78333 -59.16 -206.78333 curveto
-59.23073 -206.78333 -59.29855 -206.81143 -59.34856 -206.86145 curveto
-59.39857 -206.91145 -59.42668 -206.97928 -59.42668 -207.05 curveto
-59.42668 -207.12073 -59.39857 -207.18855 -59.34856 -207.23856 curveto
-59.29855 -207.28857 -59.23073 -207.31668 -59.16 -207.31668 curveto
-59.08928 -207.31668 -59.02145 -207.28857 -58.97145 -207.23856 curveto
-58.92143 -207.18855 -58.89333 -207.12073 -58.89333 -207.05 curveto closepath
 fill
 0 0 0 setrgbcolor 0 0.16667 dtransform truncate idtransform setlinewidth pop
newpath -59.16 -207.05 moveto 0 0 rlineto stroke
 0 0.11667 dtransform truncate idtransform setlinewidth pop
newpath -64.32664 -181.05 moveto
-62.99336 -181.05 lineto stroke
 0.11667 0 dtransform exch truncate exch idtransform pop setlinewidth
newpath -63.66 -181.71664 moveto
-63.66 -180.38336 lineto stroke
 0.00002 0.00018 0.00008 setrgbcolor
newpath -63.39333 -181.05 moveto
-63.39333 -180.97928 -63.42143 -180.91145 -63.47145 -180.86145 curveto
-63.52145 -180.81143 -63.58928 -180.78333 -63.66 -180.78333 curveto
-63.73073 -180.78333 -63.79855 -180.81143 -63.84856 -180.86145 curveto
-63.89857 -180.91145 -63.92668 -180.97928 -63.92668 -181.05 curveto
-63.92668 -181.12073 -63.89857 -181.18855 -63.84856 -181.23856 curveto
-63.79855 -181.28857 -63.73073 -181.31668 -63.66 -181.31668 curveto
-63.58928 -181.31668 -63.52145 -181.28857 -63.47145 -181.23856 curveto
-63.42143 -181.18855 -63.39333 -181.12073 -63.39333 -181.05 curveto closepath
 fill
 0 0 0 setrgbcolor 0 0.16667 dtransform truncate idtransform setlinewidth pop
newpath -63.66 -181.05 moveto 0 0 rlineto stroke
 0 0.11667 dtransform truncate idtransform setlinewidth pop
newpath -65.46664 -109.43 moveto
-64.13336 -109.43 lineto stroke
 0.11667 0 dtransform exch truncate exch idtransform pop setlinewidth
newpath -64.8 -110.09663 moveto
-64.8 -108.76335 lineto stroke
 0.00002 0.00018 0.00008 setrgbcolor
newpath -64.53333 -109.43 moveto
-64.53333 -109.35927 -64.56143 -109.29144 -64.61145 -109.24144 curveto
-64.66145 -109.19142 -64.72928 -109.16331 -64.8 -109.16331 curveto
-64.87073 -109.16331 -64.93855 -109.19142 -64.98856 -109.24144 curveto
-65.03857 -109.29144 -65.06668 -109.35927 -65.06668 -109.43 curveto
-65.06668 -109.50072 -65.03857 -109.56854 -64.98856 -109.61855 curveto
-64.93855 -109.66856 -64.87073 -109.69667 -64.8 -109.69667 curveto
-64.72928 -109.69667 -64.66145 -109.66856 -64.61145 -109.61855 curveto
-64.56143 -109.56854 -64.53333 -109.50072 -64.53333 -109.43 curveto closepath
 fill
 0 0 0 setrgbcolor 0 0.16667 dtransform truncate idtransform setlinewidth pop
newpath -64.8 -109.43 moveto 0 0 rlineto stroke
 0 0.11667 dtransform truncate idtransform setlinewidth pop
newpath -57.55664 -69.16 moveto
-56.22336 -69.16 lineto stroke
 0.11667 0 dtransform exch truncate exch idtransform pop setlinewidth
newpath -56.89 -69.82664 moveto
-56.89 -68.49336 lineto stroke
 0.00002 0.00018 0.00008 setrgbcolor
newpath -56.62332 -69.16 moveto
-56.62332 -69.08928 -56.65143 -69.02145 -56.70145 -68.97145 curveto
-56.75145 -68.92143 -56.81927 -68.89333 -56.89 -68.89333 curveto
-56.96072 -68.89333 -57.02855 -68.92143 -57.07855 -68.97145 curveto
-57.12857 -69.02145 -57.15668 -69.08928 -57.15668 -69.16 curveto
-57.15668 -69.23073 -57.12857 -69.29855 -57.07855 -69.34856 curveto
-57.02855 -69.39857 -56.96072 -69.42668 -56.89 -69.42668 curveto
-56.81927 -69.42668 -56.75145 -69.39857 -56.70145 -69.34856 curveto
-56.65143 -69.29855 -56.62332 -69.23073 -56.62332 -69.16 curveto closepath fill
 0 0 0 setrgbcolor 0 0.16667 dtransform truncate idtransform setlinewidth pop
newpath -56.89 -69.16 moveto 0 0 rlineto stroke
 0 0.11667 dtransform truncate idtransform setlinewidth pop
newpath -32.50664 -0.65 moveto
-31.17336 -0.65 lineto stroke
 0.11667 0 dtransform exch truncate exch idtransform pop setlinewidth
newpath -31.84 -1.31664 moveto
-31.84 0.01665 lineto stroke
 0.00002 0.00018 0.00008 setrgbcolor
newpath -31.57332 -0.65 moveto
-31.57332 -0.57927 -31.60143 -0.51144 -31.65144 -0.46144 curveto
-31.70145 -0.41142 -31.76927 -0.38332 -31.84 -0.38332 curveto
-31.91072 -0.38332 -31.97855 -0.41142 -32.02855 -0.46144 curveto
-32.07857 -0.51144 -32.10667 -0.57927 -32.10667 -0.65 curveto
-32.10667 -0.72072 -32.07857 -0.78854 -32.02855 -0.83855 curveto
-31.97855 -0.88857 -31.91072 -0.91667 -31.84 -0.91667 curveto
-31.76927 -0.91667 -31.70145 -0.88857 -31.65144 -0.83855 curveto
-31.60143 -0.78854 -31.57332 -0.72072 -31.57332 -0.65 curveto closepath fill
 0 0 0 setrgbcolor 0 0.16667 dtransform truncate idtransform setlinewidth pop
newpath -31.84 -0.65 moveto 0 0 rlineto stroke
 0 0.11667 dtransform truncate idtransform setlinewidth pop
newpath -17.58664 26.96 moveto
-16.25336 26.96 lineto stroke
 0.11667 0 dtransform exch truncate exch idtransform pop setlinewidth
newpath -16.92 26.29337 moveto
-16.92 27.62665 lineto stroke
 0.00002 0.00018 0.00008 setrgbcolor
newpath -16.65332 26.96 moveto
-16.65332 27.03073 -16.68143 27.09856 -16.73145 27.14856 curveto
-16.78145 27.19858 -16.84927 27.22668 -16.92 27.22668 curveto
-16.99072 27.22668 -17.05855 27.19858 -17.10855 27.14856 curveto
-17.15857 27.09856 -17.18668 27.03073 -17.18668 26.96 curveto
-17.18668 26.88928 -17.15857 26.82146 -17.10855 26.77145 curveto
-17.05855 26.72144 -16.99072 26.69333 -16.92 26.69333 curveto
-16.84927 26.69333 -16.78145 26.72144 -16.73145 26.77145 curveto
-16.68143 26.82146 -16.65332 26.88928 -16.65332 26.96 curveto closepath fill
 0 0 0 setrgbcolor 0 0.16667 dtransform truncate idtransform setlinewidth pop
newpath -16.92 26.96 moveto 0 0 rlineto stroke
 0 0.11667 dtransform truncate idtransform setlinewidth pop
newpath 2.29337 53.96 moveto
3.62665 53.96 lineto stroke
 0.11667 0 dtransform exch truncate exch idtransform pop setlinewidth
newpath 2.96 53.29337 moveto
2.96 54.62665 lineto stroke
 0.00002 0.00018 0.00008 setrgbcolor
newpath 3.22668 53.96 moveto
3.22668 54.03073 3.19858 54.09856 3.14856 54.14856 curveto
3.09856 54.19858 3.03073 54.22668 2.96 54.22668 curveto
2.88928 54.22668 2.82146 54.19858 2.77145 54.14856 curveto
2.72144 54.09856 2.69333 54.03073 2.69333 53.96 curveto
2.69333 53.88928 2.72144 53.82146 2.77145 53.77145 curveto
2.82146 53.72144 2.88928 53.69333 2.96 53.69333 curveto
3.03073 53.69333 3.09856 53.72144 3.14856 53.77145 curveto
3.19858 53.82146 3.22668 53.88928 3.22668 53.96 curveto closepath fill
 0 0 0 setrgbcolor 0 0.16667 dtransform truncate idtransform setlinewidth pop
newpath 2.96 53.96 moveto 0 0 rlineto stroke
 0 0.11667 dtransform truncate idtransform setlinewidth pop
newpath 20.24336 79.63 moveto
21.57664 79.63 lineto stroke
 0.11667 0 dtransform exch truncate exch idtransform pop setlinewidth
newpath 20.91 78.96336 moveto
20.91 80.29665 lineto stroke
 0.00002 0.00018 0.00008 setrgbcolor
newpath 21.17668 79.63 moveto
21.17668 79.70073 21.14857 79.76855 21.09856 79.81856 curveto
21.04855 79.86858 20.98073 79.89668 20.91 79.89668 curveto
20.83928 79.89668 20.77145 79.86858 20.72145 79.81856 curveto
20.67143 79.76855 20.64333 79.70073 20.64333 79.63 curveto
20.64333 79.55928 20.67143 79.49146 20.72145 79.44145 curveto
20.77145 79.39143 20.83928 79.36333 20.91 79.36333 curveto
20.98073 79.36333 21.04855 79.39143 21.09856 79.44145 curveto
21.14857 79.49146 21.17668 79.55928 21.17668 79.63 curveto closepath fill
 0 0 0 setrgbcolor 0 0.16667 dtransform truncate idtransform setlinewidth pop
newpath 20.91 79.63 moveto 0 0 rlineto stroke
 0 0.11667 dtransform truncate idtransform setlinewidth pop
newpath 32.80336 130.81 moveto
34.13664 130.81 lineto stroke
 0.11667 0 dtransform exch truncate exch idtransform pop setlinewidth
newpath 33.47 130.14336 moveto
33.47 131.47664 lineto stroke
 0.00002 0.00018 0.00008 setrgbcolor
newpath 33.73668 130.81 moveto
33.73668 130.88072 33.70857 130.94855 33.65855 130.99855 curveto
33.60855 131.04857 33.54073 131.07668 33.47 131.07668 curveto
33.39928 131.07668 33.33145 131.04857 33.28145 130.99855 curveto
33.23143 130.94855 33.20332 130.88072 33.20332 130.81 curveto
33.20332 130.73927 33.23143 130.67145 33.28145 130.62144 curveto
33.33145 130.57143 33.39928 130.54332 33.47 130.54332 curveto
33.54073 130.54332 33.60855 130.57143 33.65855 130.62144 curveto
33.70857 130.67145 33.73668 130.73927 33.73668 130.81 curveto closepath fill
 0 0 0 setrgbcolor 0 0.16667 dtransform truncate idtransform setlinewidth pop
newpath 33.47 130.81 moveto 0 0 rlineto stroke
 0 0.11667 dtransform truncate idtransform setlinewidth pop
newpath 19.71336 165.25 moveto
21.04665 165.25 lineto stroke
 0.11667 0 dtransform exch truncate exch idtransform pop setlinewidth
newpath 20.38 164.58336 moveto
20.38 165.91664 lineto stroke
 0.00002 0.00018 0.00008 setrgbcolor
newpath 20.64668 165.25 moveto
20.64668 165.32072 20.61858 165.38855 20.56856 165.43855 curveto
20.51855 165.48857 20.45073 165.51668 20.38 165.51668 curveto
20.30928 165.51668 20.24146 165.48857 20.19145 165.43855 curveto
20.14143 165.38855 20.11333 165.32072 20.11333 165.25 curveto
20.11333 165.17928 20.14143 165.11145 20.19145 165.06145 curveto
20.24146 165.01143 20.30928 164.98332 20.38 164.98332 curveto
20.45073 164.98332 20.51855 165.01143 20.56856 165.06145 curveto
20.61858 165.11145 20.64668 165.17928 20.64668 165.25 curveto closepath fill
 0 0 0 setrgbcolor 0 0.16667 dtransform truncate idtransform setlinewidth pop
newpath 20.38 165.25 moveto 0 0 rlineto stroke
 0 0.11667 dtransform truncate idtransform setlinewidth pop
newpath 1.23335 155.14 moveto
2.56664 155.14 lineto stroke
 0.11667 0 dtransform exch truncate exch idtransform pop setlinewidth
newpath 1.9 154.47336 moveto
1.9 155.80664 lineto stroke
 0.00002 0.00018 0.00008 setrgbcolor
newpath 2.16667 155.14 moveto
2.16667 155.21072 2.13857 155.27855 2.08855 155.32855 curveto
2.03854 155.37857 1.97072 155.40668 1.9 155.40668 curveto
1.82927 155.40668 1.76144 155.37857 1.71144 155.32855 curveto
1.66142 155.27855 1.63332 155.21072 1.63332 155.14 curveto
1.63332 155.06927 1.66142 155.00145 1.71144 154.95145 curveto
1.76144 154.90143 1.82927 154.87332 1.9 154.87332 curveto
1.97072 154.87332 2.03854 154.90143 2.08855 154.95145 curveto
2.13857 155.00145 2.16667 155.06927 2.16667 155.14 curveto closepath fill
 0 0 0 setrgbcolor 0 0.16667 dtransform truncate idtransform setlinewidth pop
newpath 1.9 155.14 moveto 0 0 rlineto stroke
 0 0.11667 dtransform truncate idtransform setlinewidth pop
newpath -10.01665 187.73 moveto
-8.68336 187.73 lineto stroke
 0.11667 0 dtransform exch truncate exch idtransform pop setlinewidth
newpath -9.35 187.06335 moveto
-9.35 188.39664 lineto stroke
 0.00002 0.00018 0.00008 setrgbcolor
newpath -9.08333 187.73 moveto
-9.08333 187.80072 -9.11143 187.86855 -9.16145 187.91855 curveto
-9.21146 187.96857 -9.27928 187.99667 -9.35 187.99667 curveto
-9.42073 187.99667 -9.48856 187.96857 -9.53856 187.91855 curveto
-9.58858 187.86855 -9.61668 187.80072 -9.61668 187.73 curveto
-9.61668 187.65927 -9.58858 187.59145 -9.53856 187.54144 curveto
-9.48856 187.49142 -9.42073 187.46332 -9.35 187.46332 curveto
-9.27928 187.46332 -9.21146 187.49142 -9.16145 187.54144 curveto
-9.11143 187.59145 -9.08333 187.65927 -9.08333 187.73 curveto closepath fill
 0 0 0 setrgbcolor 0 0.16667 dtransform truncate idtransform setlinewidth pop
newpath -9.35 187.73 moveto 0 0 rlineto stroke
 0 0.11667 dtransform truncate idtransform setlinewidth pop
newpath -11.86664 217.94 moveto
-10.53336 217.94 lineto stroke
 0.11667 0 dtransform exch truncate exch idtransform pop setlinewidth
newpath -11.2 217.27336 moveto
-11.2 218.60664 lineto stroke
 0.00002 0.00018 0.00008 setrgbcolor
newpath -10.93332 217.94 moveto
-10.93332 218.01073 -10.96143 218.07855 -11.01144 218.12856 curveto
-11.06145 218.17857 -11.12927 218.20668 -11.2 218.20668 curveto
-11.27072 218.20668 -11.33855 218.17857 -11.38855 218.12856 curveto
-11.43857 218.07855 -11.46667 218.01073 -11.46667 217.94 curveto
-11.46667 217.86928 -11.43857 217.80145 -11.38855 217.75145 curveto
-11.33855 217.70143 -11.27072 217.67332 -11.2 217.67332 curveto
-11.12927 217.67332 -11.06145 217.70143 -11.01144 217.75145 curveto
-10.96143 217.80145 -10.93332 217.86928 -10.93332 217.94 curveto closepath fill
 0 0 0 setrgbcolor 0 0.16667 dtransform truncate idtransform setlinewidth pop
newpath -11.2 217.94 moveto 0 0 rlineto stroke
 0 0.11667 dtransform truncate idtransform setlinewidth pop
newpath -2.87665 240.85 moveto
-1.54337 240.85 lineto stroke
 0.11667 0 dtransform exch truncate exch idtransform pop setlinewidth
newpath -2.21 240.18336 moveto
-2.21 241.51665 lineto stroke
 0.00002 0.00018 0.00008 setrgbcolor
newpath -1.94333 240.85 moveto
-1.94333 240.92073 -1.97144 240.98856 -2.02145 241.03856 curveto
-2.07146 241.08858 -2.13928 241.11668 -2.21 241.11668 curveto
-2.28073 241.11668 -2.34856 241.08858 -2.39856 241.03856 curveto
-2.44858 240.98856 -2.47668 240.92073 -2.47668 240.85 curveto
-2.47668 240.77928 -2.44858 240.71146 -2.39856 240.66145 curveto
-2.34856 240.61143 -2.28073 240.58333 -2.21 240.58333 curveto
-2.13928 240.58333 -2.07146 240.61143 -2.02145 240.66145 curveto
-1.97144 240.71146 -1.94333 240.77928 -1.94333 240.85 curveto closepath fill
 0 0 0 setrgbcolor 0 0.16667 dtransform truncate idtransform setlinewidth pop
newpath -2.21 240.85 moveto 0 0 rlineto stroke
 0 0.11667 dtransform truncate idtransform setlinewidth pop
newpath 0.92336 291.03 moveto
2.25664 291.03 lineto stroke
 0.11667 0 dtransform exch truncate exch idtransform pop setlinewidth
newpath 1.59 290.36336 moveto
1.59 291.69664 lineto stroke
 0.00002 0.00018 0.00008 setrgbcolor
newpath 1.85667 291.03 moveto
1.85667 291.10072 1.82857 291.16855 1.77855 291.21855 curveto
1.72855 291.26857 1.66072 291.29668 1.59 291.29668 curveto
1.51927 291.29668 1.45145 291.26857 1.40144 291.21855 curveto
1.35143 291.16855 1.32332 291.10072 1.32332 291.03 curveto
1.32332 290.95927 1.35143 290.89145 1.40144 290.84145 curveto
1.45145 290.79143 1.51927 290.76332 1.59 290.76332 curveto
1.66072 290.76332 1.72855 290.79143 1.77855 290.84145 curveto
1.82857 290.89145 1.85667 290.95927 1.85667 291.03 curveto closepath fill
 0 0 0 setrgbcolor 0 0.16667 dtransform truncate idtransform setlinewidth pop
newpath 1.59 291.03 moveto 0 0 rlineto stroke
 0 0.11667 dtransform truncate idtransform setlinewidth pop
newpath -22.44664 323.71 moveto
-21.11336 323.71 lineto stroke
 0.11667 0 dtransform exch truncate exch idtransform pop setlinewidth
newpath -21.78 323.04337 moveto
-21.78 324.37665 lineto stroke
 0.00002 0.00018 0.00008 setrgbcolor
newpath -21.51332 323.71 moveto
-21.51332 323.78073 -21.54143 323.84856 -21.59145 323.89856 curveto
-21.64145 323.94858 -21.70927 323.97668 -21.78 323.97668 curveto
-21.85072 323.97668 -21.91855 323.94858 -21.96855 323.89856 curveto
-22.01857 323.84856 -22.04668 323.78073 -22.04668 323.71 curveto
-22.04668 323.63928 -22.01857 323.57146 -21.96855 323.52145 curveto
-21.91855 323.47144 -21.85072 323.44333 -21.78 323.44333 curveto
-21.70927 323.44333 -21.64145 323.47144 -21.59145 323.52145 curveto
-21.54143 323.57146 -21.51332 323.63928 -21.51332 323.71 curveto closepath fill
 0 0 0 setrgbcolor 0 0.16667 dtransform truncate idtransform setlinewidth pop
newpath -21.78 323.71 moveto 0 0 rlineto stroke
showpage
%%EOF
