%!PS
%%BoundingBox: -435 -312 499 212 
%%HiResBoundingBox: -434.6936 -311.47267 498.66667 211.05498 
%%Creator: MetaPost 1.209
%%CreationDate: 2017.03.02:1303
%%Pages: 1
%%BeginProlog
%%EndProlog
%%Page: 1 1
 0 0 0 setrgbcolor 0 0.16667 dtransform truncate idtransform setlinewidth pop
 [] 0 setdash 1 setlinecap 1 setlinejoin 10 setmiterlimit
newpath 351 18.93 moveto
345.37 42.8 lineto stroke
newpath 345.23685 41.9124 moveto
345.37 42.8 lineto
345.88574 42.06544 lineto stroke
 0 0.33333 dtransform truncate idtransform setlinewidth pop
newpath -227.23 -138.13 moveto
-227.23 -138.13 -221.94 -131.06 -220.63 -129.42 curveto
-219.26 -127.72 -212.98 -118.3 -211.35 -116.1 curveto
-209.72 -113.91 -201.91 -106.24 -198.29 -101.46 curveto
-194.67 -96.68 -190.69 -93.51 -187.47 -88.36 curveto
-184.25 -83.22 -174.93 -70.77 -173.22 -66.36 curveto
-171.5 -61.96 -169.65 -60.43 -168.55 -57.2 curveto
-167.45 -53.98 -163.21 -48.02 -161.68 -45.83 curveto
-160.15 -43.65 -157.78 -40.84 -153.78 -35.95 curveto
-149.78 -31.05 -141.37 -19.8 -139.08 -15.18 curveto
-136.8 -10.55 -133.32 -4.81 -132.08 -2.45 curveto
-130.85 -0.09 -129.54 2.86 -127.45 5.36 curveto
-125.36 7.86 -123.62 7.65 -120.84 12.11 curveto
-118.07 16.56 -113.74 22.53 -112.07 25.97 curveto
-110.4 29.41 -100.79 43.8 -98.73 47.06 curveto
-96.67 50.33 -97.78 51.43 -93.92 53.25 curveto
-90.07 55.06 -88.66 53.59 -86.87 56.46 curveto
-85.08 59.33 -81.69 64.87 -79.38 66.99 curveto
-77.08 69.12 -68.35 71.54 -66.23 75.39 curveto
-64.1 79.23 -63.36 77.83 -62.99 82.17 curveto
-62.61 86.51 -64.74 86.89 -63.13 91.39 curveto
-61.51 95.88 -58.7 99.48 -57.05 105.23 curveto
-55.39 110.98 -54.07 111.42 -53.78 115.57 curveto
-53.49 119.72 -52.91 127.91 -51.33 131.16 curveto
-49.75 134.4 -48.68 140.22 -47.14 142.21 curveto
-45.6 144.2 -42.09 151.38 -41.34 153.72 curveto
-40.58 156.06 -34.07 168.86 -33.18 174.38 curveto
-32.28 179.9 -29.23 190.71 -28.97 195.43 curveto
-28.71 200.15 -27.72 203.56 -24.99 206.76 curveto
-22.25 209.96 -21.19 211.84 -17.24 209.62 curveto
-13.29 207.4 -13.46 206.82 -10.53 205.9 curveto
-7.6 204.98 0.48 204.78 2.69 204.69 curveto
4.91 204.6 9.59 201.08 12.07 201.48 curveto
14.55 201.88 24.31 200.61 26.98 199.1 curveto
29.64 197.59 33.47 196.04 35.66 196.43 curveto
37.85 196.82 43.51 195.07 45.83 188.55 curveto
48.15 182.02 51.2 170.35 51.23 167.56 curveto
51.27 164.78 52.18 155.5 49.26 152.19 curveto
46.34 148.88 38.85 142.48 34.65 139.78 curveto
30.45 137.09 27.67 136.96 27.61 128.11 curveto
27.54 119.27 27.74 121.01 28.69 117.21 curveto
29.64 113.41 30.74 110.29 30.26 108.35 curveto
29.77 106.4 30.73 98.28 30.11 92.96 curveto
29.5 87.65 27.98 91.23 29.3 83.7 curveto
30.61 76.16 32.53 76.25 32.14 70.28 curveto
31.74 64.3 32.1 54.61 32.04 51.82 curveto
31.98 49.03 32.17 46.92 33.12 43.03 curveto
34.07 39.13 33.2 39.38 31.88 36.63 curveto
30.57 33.87 30.91 32.74 30.79 29.17 curveto
30.67 25.61 31.19 22.56 29.81 17.31 curveto
28.42 12.05 27.92 10.3 27.08 5.65 curveto
26.24 1 25.57 -1.15 26.32 -2.75 curveto
27.06 -4.34 27.3 -5.29 31.12 -4.73 curveto
34.94 -4.17 33.96 -3.93 35.65 -2.89 curveto
37.33 -1.85 42.26 -0.47 43.14 -2.93 curveto
44.02 -5.39 42.95 -9.19 43.49 -12.52 curveto
44.03 -15.86 44.28 -17.2 44.57 -19.2 curveto
44.86 -21.21 44.17 -22.97 47.34 -23.01 curveto
50.52 -23.06 51.51 -21.76 53.72 -19.64 curveto
55.93 -17.52 67.67 -9.67 70.15 -5.23 curveto
72.64 -0.79 72.45 -0.99 76.82 4.31 curveto
81.19 9.61 84.48 11.01 87.57 12.89 curveto
90.65 14.76 91.15 16.51 92.01 18.67 curveto
92.87 20.82 95.26 23.15 97.12 24.39 curveto
98.99 25.63 98.9 25.43 102.31 26.55 curveto
105.71 27.67 109.01 29.17 110.33 27.7 curveto
111.65 26.22 111.41 27.07 111.93 24.31 curveto
112.44 21.55 112.89 20.22 113.09 17.93 curveto
113.29 15.63 112.62 13.48 112.58 12.42 curveto
112.53 11.36 112.86 10.51 112.86 10.51 curveto
112.86 10.51 113.12 11.1 113.68 13.44 curveto
114.25 15.77 114.18 13.17 115.25 16.87 curveto
116.33 20.58 116.54 22.22 117.38 24.85 curveto
118.22 27.49 119.55 27.84 120.47 28.75 curveto
121.39 29.66 126.04 30.83 127.92 31.88 curveto
129.79 32.93 136.72 34.79 138.17 34.57 curveto
139.63 34.35 151.45 36.34 153.74 36.64 curveto
156.04 36.94 161.36 36.03 163.96 35.96 curveto
166.56 35.89 172.31 36.26 174.96 39.17 curveto
177.61 42.08 185.19 44.26 188.07 48.43 curveto
190.95 52.6 194.2 61.21 194.93 64.12 curveto
195.66 67.04 197.05 70.09 198.13 71.58 curveto
199.22 73.07 203.03 81.9 203.67 72.32 curveto
204.31 62.74 205.05 61.43 203.87 59.83 curveto
202.7 58.24 203.35 58.56 203.9 55.13 curveto
204.44 51.69 204.96 52.97 206.09 53.4 curveto
207.23 53.84 207.73 55.31 208.31 57.35 curveto
208.89 59.4 209.85 61.56 211.97 63.38 curveto
214.1 65.21 214.32 66.67 216.62 64.66 curveto
218.92 62.65 219.3 62.86 221.4 61.04 curveto
223.51 59.21 225.03 57.46 227.96 56.44 curveto
230.89 55.43 235.76 56.14 237.96 56.43 curveto
240.15 56.73 242.2 56.15 241.7 52.38 curveto
241.2 48.61 240.14 48.75 241.72 45.75 curveto stroke
 0 0.16667 dtransform truncate idtransform setlinewidth pop
newpath 67.52036 -48.10321 moveto
62.01965 -44.33679 lineto stroke
newpath 62.83731 -45.50261 moveto
62.01965 -44.33679 lineto
63.40225 -44.67754 lineto
 closepath fill
newpath 62.83731 -45.50261 moveto
62.01965 -44.33679 lineto
63.40225 -44.67754 lineto
 closepath stroke
newpath 73.03035 -38.62321 moveto
67.52965 -34.8568 lineto stroke
newpath 68.3473 -36.02261 moveto
67.52965 -34.8568 lineto
68.91225 -35.19754 lineto
 closepath fill
newpath 68.3473 -36.02261 moveto
67.52965 -34.8568 lineto
68.91225 -35.19754 lineto
 closepath stroke
newpath 78.84549 -28.85779 moveto
74.21451 -24.06223 lineto stroke
newpath 74.78105 -25.36864 moveto
74.21451 -24.06223 lineto
75.50035 -24.67403 lineto
 closepath fill
newpath 74.78105 -25.36864 moveto
74.21451 -24.06223 lineto
75.50035 -24.67403 lineto
 closepath stroke
 0 0.33333 dtransform truncate idtransform setlinewidth pop
 [1.99997 1.99997 ] 0 setdash
newpath -28.76 -80.76 moveto
-26.46 -80.46 -14.21 -77.39 -14.21 -77.39 curveto stroke
newpath -13.15 -56.97 moveto
-30.88 -60.01 lineto stroke
 0 0.16667 dtransform truncate idtransform setlinewidth pop [] 0 setdash
newpath -51.62645 144.76651 moveto
-51.68666 144.49713 -51.25266 144.3028 -51.38152 144.02867 curveto
-51.54872 143.67296 -52.25467 144.19687 -52.36887 143.737 curveto
-52.49283 143.23793 -51.58893 143.43037 -51.5671 143.04547 curveto
-51.54257 142.61357 -52.17911 142.78923 -52.39566 142.54758 curveto
-52.65938 142.25331 -52.27617 141.85974 -52.35356 141.51349 curveto stroke
newpath -52.79153 142.21881 moveto
-52.7123 141.97423 -52.40068 141.78339 -52.35356 141.51349 curveto
-52.19603 141.73764 -52.28143 142.09294 -52.16452 142.32191 curveto
 closepath stroke
newpath -52.79153 142.21881 moveto
-52.7123 141.97423 -52.40068 141.78339 -52.35356 141.51349 curveto
-52.19603 141.73764 -52.28143 142.09294 -52.16452 142.32191 curveto
 closepath fill
newpath -158.92989 -37.54399 moveto
-159.10547 -37.75697 -158.80635 -38.12663 -159.04529 -38.3128 curveto
-159.35535 -38.55437 -159.74786 -37.76776 -160.05777 -38.12619 curveto
-160.3941 -38.51518 -159.50095 -38.75252 -159.65562 -39.10565 curveto
-159.82918 -39.50189 -160.31734 -39.05725 -160.61981 -39.17477 curveto
-160.98813 -39.31789 -160.82445 -39.84225 -161.05013 -40.11601 curveto stroke
newpath -161.12158 -39.28888 moveto
-161.16158 -39.54285 -160.97002 -39.85403 -161.05013 -40.11601 curveto
-160.80821 -39.9874 -160.72363 -39.63193 -160.51578 -39.48062 curveto
 closepath stroke
newpath -161.12158 -39.28888 moveto
-161.16158 -39.54285 -160.97002 -39.85403 -161.05013 -40.11601 curveto
-160.80821 -39.9874 -160.72363 -39.63193 -160.51578 -39.48062 curveto
 closepath fill
 0 0.33333 dtransform truncate idtransform setlinewidth pop
newpath 322.37 43.74 moveto
322.06 44.25 322.14 44.55 322.34 45.32 curveto
322.55 46.1 323.27 47.15 324.25 48.73 curveto
325.23 50.31 325.06 49.92 326.56 50.57 curveto
328.07 51.22 329.43 50.99 331.46 51.71 curveto
333.49 52.43 333.76 52.88 334.39 53.67 curveto
335.03 54.47 336.01 55.14 336.24 56.31 curveto
336.47 57.47 338.1 56.49 338.24 55.73 curveto
338.37 54.96 337.76 53.64 337.22 52.8 curveto
336.68 51.96 333.53 49.45 332.98 49 curveto
332.42 48.54 328.01 46.41 327.07 46.03 curveto
326.12 45.65 324.39 43.64 323.4 43.16 curveto
322.42 42.68 322.68 43.23 322.37 43.74 curveto closepath stroke
 0 0.16667 dtransform truncate idtransform setlinewidth pop
newpath 341.56 56.9233 moveto
341.56 55.09003 lineto
341.06003 54.2567 lineto stroke
newpath 341.56 55.09003 moveto
342.05997 54.2567 lineto stroke
newpath 39.29427 190.61346 moveto
39.80574 183.96652 lineto stroke
newpath 40.20195 185.33426 moveto
39.80574 183.96652 lineto
39.20494 185.25754 lineto
 closepath fill
newpath 40.20195 185.33426 moveto
39.80574 183.96652 lineto
39.20494 185.25754 lineto
 closepath stroke
 0.16667 0 dtransform exch truncate exch idtransform pop setlinewidth
newpath 34.48 194.36998 moveto
34.48 193.67003 lineto stroke
 0 0.16667 dtransform truncate idtransform setlinewidth pop
newpath 34.13002 193.0867 moveto
34.48 193.67003 lineto
34.82997 193.0867 lineto stroke
newpath 34.13002 194.95331 moveto
34.48 194.36998 lineto
34.82997 194.95331 lineto stroke
 0.16667 0 dtransform exch truncate exch idtransform pop setlinewidth
newpath 35.48 194.36998 moveto
35.48 193.67003 lineto stroke
 0 0.16667 dtransform truncate idtransform setlinewidth pop
newpath 35.13002 193.0867 moveto
35.48 193.67003 lineto
35.82997 193.0867 lineto stroke
newpath 35.13002 194.95331 moveto
35.48 194.36998 lineto
35.82997 194.95331 lineto stroke
 0.16667 0 dtransform exch truncate exch idtransform pop setlinewidth
newpath 36.48 194.36998 moveto
36.48 193.67003 lineto stroke
 0 0.16667 dtransform truncate idtransform setlinewidth pop
newpath 36.13002 193.0867 moveto
36.48 193.67003 lineto
36.82997 193.0867 lineto stroke
newpath 36.13002 194.95331 moveto
36.48 194.36998 lineto
36.82997 194.95331 lineto stroke
 0.16667 0 dtransform exch truncate exch idtransform pop setlinewidth
newpath -1.63 193.83998 moveto
-1.63 193.14003 lineto stroke
 0 0.16667 dtransform truncate idtransform setlinewidth pop
newpath -1.97998 192.5567 moveto
-1.63 193.14003 lineto
-1.28003 192.5567 lineto stroke
newpath -1.97998 194.42331 moveto
-1.63 193.83998 lineto
-1.28003 194.42331 lineto stroke
 0.16667 0 dtransform exch truncate exch idtransform pop setlinewidth
newpath -0.63 193.83998 moveto
-0.63 193.14003 lineto stroke
 0 0.16667 dtransform truncate idtransform setlinewidth pop
newpath -0.97998 192.5567 moveto
-0.63 193.14003 lineto
-0.28003 192.5567 lineto stroke
newpath -0.97998 194.42331 moveto
-0.63 193.83998 lineto
-0.28003 194.42331 lineto stroke
 0.16667 0 dtransform exch truncate exch idtransform pop setlinewidth
newpath 0.37 193.83998 moveto
0.37 193.14003 lineto stroke
 0 0.16667 dtransform truncate idtransform setlinewidth pop
newpath 0.02002 192.5567 moveto
0.37 193.14003 lineto
0.71997 192.5567 lineto stroke
newpath 0.02002 194.42331 moveto
0.37 193.83998 lineto
0.71997 194.42331 lineto stroke
 0.16667 0 dtransform exch truncate exch idtransform pop setlinewidth
newpath 2.4 193.92998 moveto
2.4 193.23003 lineto stroke
 0 0.16667 dtransform truncate idtransform setlinewidth pop
newpath 2.05002 192.6467 moveto
2.4 193.23003 lineto
2.74997 192.6467 lineto stroke
newpath 2.05002 194.5133 moveto
2.4 193.92998 lineto
2.74997 194.5133 lineto stroke
 0.16667 0 dtransform exch truncate exch idtransform pop setlinewidth
newpath 3.4 193.92998 moveto
3.4 193.23003 lineto stroke
 0 0.16667 dtransform truncate idtransform setlinewidth pop
newpath 3.05002 192.6467 moveto
3.4 193.23003 lineto
3.74997 192.6467 lineto stroke
newpath 3.05002 194.5133 moveto
3.4 193.92998 lineto
3.74997 194.5133 lineto stroke
 0.16667 0 dtransform exch truncate exch idtransform pop setlinewidth
newpath 4.4 193.92998 moveto
4.4 193.23003 lineto stroke
 0 0.16667 dtransform truncate idtransform setlinewidth pop
newpath 4.05002 192.6467 moveto
4.4 193.23003 lineto
4.74997 192.6467 lineto stroke
newpath 4.05002 194.5133 moveto
4.4 193.92998 lineto
4.74997 194.5133 lineto stroke
newpath 5.60252 201.83656 moveto
-0.18251 198.52342 lineto stroke
newpath 1.22296 198.75218 moveto
-0.18251 198.52342 lineto
0.72601 199.61989 lineto
 closepath fill
newpath 1.22296 198.75218 moveto
-0.18251 198.52342 lineto
0.72601 199.61989 lineto
 closepath stroke
newpath 47.61195 172.1145 moveto
41.26805 170.06549 lineto stroke
newpath 42.69049 169.99951 moveto
41.26805 170.06549 lineto
42.38315 170.95105 lineto
 closepath fill
newpath 42.69049 169.99951 moveto
41.26805 170.06549 lineto
42.38315 170.95105 lineto
 closepath stroke
newpath 49.42622 156.66356 moveto
43.17378 158.97646 lineto stroke
newpath 44.2508 158.04497 moveto
43.17378 158.97646 lineto
44.59772 158.9828 lineto
 closepath fill
newpath 44.2508 158.04497 moveto
43.17378 158.97646 lineto
44.59772 158.9828 lineto
 closepath stroke
 0 0.33333 dtransform truncate idtransform setlinewidth pop
newpath -422.26 -238.18 moveto
-423.36 -239.29 -424.05 -240.96 -424.2 -241.93 curveto
-424.34 -242.9 -423.73 -243.64 -424.66 -244.45 curveto
-425.58 -245.26 -425.43 -246.31 -426.55 -247.04 curveto
-427.67 -247.76 -430.2 -251.15 -430.74 -252.04 curveto
-431.27 -252.93 -430.78 -255.31 -432.36 -256.44 curveto
-433.94 -257.57 -434.71 -259.53 -434.49 -262.21 curveto
-434.27 -264.89 -430.21 -271.71 -429.55 -273.41 curveto
-428.89 -275.11 -423.94 -286.6 -423.59 -287.93 curveto
-423.24 -289.26 -422.15 -294.21 -422.88 -295.1 curveto
-423.6 -296 -423.82 -297.45 -424.85 -300.1 curveto
-425.89 -302.74 -425.33 -310.5 -422.03 -311.21 curveto
-418.73 -311.92 -411.11 -308.49 -409.43 -307.55 curveto
-407.74 -306.61 -400.7 -305.13 -399.18 -304.67 curveto
-397.67 -304.22 -392.59 -301.77 -388.93 -302.08 curveto
-385.26 -302.39 -382.37 -302.55 -381.17 -301.53 curveto
-379.96 -300.51 -379.28 -298.65 -376.42 -298.14 curveto
-373.56 -297.62 -362.79 -295.77 -360.06 -294.49 curveto
-357.33 -293.21 -349.88 -290.08 -346.58 -286.75 curveto
-343.27 -283.43 -340.84 -282.06 -339.86 -282.31 curveto
-338.89 -282.55 -334.82 -283.32 -332.08 -286.36 curveto
-329.35 -289.41 -324.83 -291.5 -324.14 -291.86 curveto
-323.45 -292.21 -319.46 -295.39 -317.99 -293.97 curveto
-316.51 -292.56 -315.7 -291.56 -315.62 -288.96 curveto
-315.55 -286.36 -315.81 -280.9 -315.47 -279.83 curveto stroke
newpath -315.47 -279.83 moveto
-315.47 -279.83 -315.9 -278.82 -315.55 -277.09 curveto
-315.32 -275.93 -314.32 -275.64 -312.32 -274.2 curveto
-310.33 -272.76 -308.49 -271.96 -307.54 -270.71 curveto
-306.59 -269.46 -302.51 -265.14 -300.71 -263.62 curveto
-298.91 -262.09 -298.13 -260.33 -296.15 -259.37 curveto
-294.18 -258.41 -291.92 -257.39 -290.75 -255.66 curveto
-289.59 -253.92 -284.45 -248.69 -283.59 -247.54 curveto
-282.73 -246.4 -278.74 -242.27 -278.08 -241.04 curveto
-277.41 -239.8 -273.35 -235.24 -271.86 -234.12 curveto
-270.38 -232.99 -269.76 -234.83 -267.94 -232.63 curveto
-266.12 -230.44 -264.94 -227.93 -263.87 -226.15 curveto
-262.8 -224.37 -254.79 -215.92 -254.2 -215.03 curveto
-253.62 -214.14 -250.51 -208.71 -250 -207.14 curveto
-249.5 -205.58 -248.98 -202.34 -248.7 -201.17 curveto
-248.42 -200 -248.94 -199.98 -247.26 -197.93 curveto
-245.58 -195.88 -242.65 -192.81 -242 -191.2 curveto
-241.36 -189.58 -239.89 -187.15 -238.57 -185.6 curveto
-237.25 -184.05 -234.08 -182.89 -233.36 -180.94 curveto
-232.63 -178.98 -227.51 -172.45 -226.6 -170.2 curveto
-225.7 -167.95 -220.14 -158.42 -219.42 -157.28 curveto
-218.71 -156.14 -214.12 -148.29 -213.74 -146.11 curveto
-213.36 -143.93 -211.69 -142.65 -210.41 -142.3 curveto
-209.13 -141.95 -202.45 -142.02 -199.87 -140.56 curveto
-197.3 -139.09 -194.75 -138.11 -193.13 -137.74 curveto
-191.52 -137.38 -187.36 -135.84 -185.99 -134.38 curveto
-184.61 -132.92 -181.76 -132.21 -180.96 -128.76 curveto
-180.16 -125.31 -179.54 -124.18 -178.09 -122.48 curveto
-176.63 -120.77 -172.35 -116.63 -170.73 -114.39 curveto
-169.1 -112.16 -168.31 -110.48 -167.91 -108.83 curveto
-167.51 -107.18 -165.13 -101.54 -164.72 -99.99 curveto
-164.31 -98.43 -164.57 -98.1 -162.69 -96.09 curveto
-160.82 -94.08 -155.96 -86.94 -155.62 -85.1 curveto
-155.27 -83.25 -154.48 -80.67 -153.6 -79.81 curveto
-152.73 -78.95 -149.32 -75.86 -147.67 -72.13 curveto
-146.02 -68.4 -145.13 -68.89 -143.2 -66.01 curveto
-141.27 -63.14 -140.17 -61.02 -139.21 -59.97 curveto
-138.25 -58.91 -137.55 -57.44 -136.58 -57.49 curveto
-135.62 -57.54 -132.78 -54.53 -131.79 -53.04 curveto
-130.8 -51.55 -128.92 -45.65 -128.27 -45.14 curveto
-127.62 -44.63 -123.73 -38.34 -123.04 -36.77 curveto
-122.34 -35.2 -121.14 -34.04 -120.35 -31.55 curveto
-119.55 -29.07 -116.43 -24.84 -115.39 -22.53 curveto
-114.34 -20.22 -114.05 -19.25 -112.92 -17.61 curveto
-111.8 -15.97 -111.44 -15.33 -110.6 -13.85 curveto
-109.76 -12.37 -107.71 -12.03 -107.5 -11.3 curveto
-107.29 -10.57 -104.62 -7.13 -104.33 -6.11 curveto
-104.04 -5.08 -104.65 -3.43 -102.81 -1.66 curveto
-100.97 0.1 -100 -0.04 -97.76 2.46 curveto
-95.52 4.97 -94.41 5.89 -92.15 7.92 curveto
-89.89 9.94 -89.62 12.31 -87.37 14.67 curveto
-85.13 17.04 -85 16.37 -84 18.68 curveto
-83 20.98 -82.47 21.87 -80.41 22.98 curveto
-78.34 24.08 -77.6 24.69 -76.45 26.86 curveto stroke
newpath -76.45 26.86 moveto
-76.45 26.86 -76.19 29.37 -73.07 30.48 curveto
-69.95 31.59 -68.69 29.43 -67.61 30.83 curveto
-66.52 32.23 -65.69 32.94 -65.3 34.88 curveto
-64.91 36.82 -64.54 39.34 -63.82 40.33 curveto
-63.1 41.33 -59.2 44.2 -58.33 46.16 curveto
-57.46 48.12 -57.58 52.83 -56.5 54.32 curveto
-55.42 55.81 -54.5 56.72 -52.69 56.99 curveto
-50.87 57.27 -50.28 54.9 -50.03 53.66 curveto
-49.78 52.42 -47.63 41.28 -47.19 40.14 curveto
-46.75 39.01 -46.1 29.05 -46.89 25.45 curveto
-47.68 21.86 -46.72 19.79 -46.6 17.1 curveto
-46.47 14.42 -47.31 9.67 -44 8.77 curveto
-40.69 7.87 -37.4 9.56 -36.11 12.69 curveto
-34.81 15.83 -32.24 26.61 -31.58 30.87 curveto
-30.91 35.13 -30.14 47.47 -30.15 51.79 curveto
-30.16 56.12 -29.23 71.15 -29 76.44 curveto
-28.76 81.74 -27 89.41 -24.78 93.17 curveto
-22.55 96.93 -19.55 104.85 -20.18 108.19 curveto
-20.82 111.53 -19.19 113.81 -18.33 115.87 curveto
-17.46 117.93 -15.26 120.25 -15.28 122.65 curveto
-15.3 125.05 -13.8 128.01 -12.63 131.62 curveto
-11.45 135.23 -9.51 136.95 -6.98 138.22 curveto
-4.45 139.5 4.77 141.85 6.04 141.43 curveto
7.3 141 8.56 140.87 9.02 139.26 curveto
9.48 137.65 8.31 133.94 7.78 132.86 curveto
7.25 131.78 5.12 128.12 6.32 125.01 curveto
7.52 121.89 6.67 121.66 5.59 120.07 curveto
4.51 118.48 3.91 116.92 3.9 115.09 curveto
3.89 113.26 4.43 111.94 4.04 110.1 curveto
3.64 108.26 1.33 106.42 1.97 102.89 curveto
2.62 99.36 2.45 92.53 4.71 87.35 curveto
6.97 82.17 8.61 76 7.83 74.14 curveto
7.05 72.28 5.91 72.03 5.88 68.66 curveto
5.84 65.3 2.95 61.42 4.05 56.37 curveto
5.15 51.33 6.98 43.05 7.11 40.18 curveto
7.25 37.3 6.4 26.59 5.38 23.85 curveto
4.35 21.12 4.51 15.65 3.44 11.66 curveto
2.38 7.67 1.04 1.36 -0.15 -1.96 curveto
-1.34 -5.28 -0.47 -7.45 -0.65 -13.9 curveto
-0.83 -20.35 -2.35 -24.75 -2.29 -28.11 curveto
-2.23 -31.47 -3.71 -34.8 -4.4 -38.49 curveto
-5.09 -42.17 -5.08 -44.57 -5.06 -46.98 curveto
-5.04 -49.38 -3.69 -51.53 -6.87 -53.5 curveto
-10.04 -55.47 -9.8 -56.62 -13.15 -56.97 curveto stroke
newpath -14.21 -77.39 moveto
-14.21 -77.39 -10.34 -75.77 -6.43 -75.2 curveto
-2.52 -74.63 -1.06 -74.95 6.11 -74.04 curveto
13.27 -73.12 31.05 -71.05 34.79 -70.97 curveto
38.53 -70.89 50.6 -68.03 53.04 -66.66 curveto
55.47 -65.3 63.72 -56.75 65.1 -53.32 curveto
66.47 -49.89 74.61 -36.83 76.2 -33.77 curveto
77.78 -30.72 80.02 -27.16 82.62 -25.31 curveto
85.23 -23.45 86.33 -24.36 88.72 -24.06 curveto
91.11 -23.76 98.57 -21.1 100.99 -19.35 curveto
103.41 -17.61 105.46 -16.36 108.59 -15.44 curveto
111.72 -14.53 111.54 -14.82 113.51 -15.88 curveto
115.49 -16.94 116.15 -18.84 118.38 -23.25 curveto
120.6 -27.66 121.81 -30.87 121.98 -32.5 curveto
122.15 -34.12 120.9 -36.29 120.36 -39.01 curveto
119.81 -41.73 117.25 -48.67 118.43 -51.21 curveto
119.6 -53.75 120.67 -58.03 122.08 -59.5 curveto
123.5 -60.97 127.35 -63.29 130.33 -59.11 curveto
133.31 -54.94 138.93 -49.77 140.25 -47.21 curveto
141.57 -44.65 145.03 -40.55 146.32 -37.32 curveto
147.62 -34.09 148.14 -28.78 149.56 -26.21 curveto
150.97 -23.65 152.27 -18.5 153.52 -16.32 curveto
154.76 -14.15 155.74 -12.38 158.22 -12.07 curveto
160.71 -11.76 167.55 -12.02 169.26 -9.53 curveto
170.97 -7.05 175.27 -4.54 177.87 -4.71 curveto
180.47 -4.88 194.42 -3.07 198.18 0.66 curveto
201.95 4.39 206.28 6.23 208.52 5.66 curveto
210.76 5.09 217.33 2.32 218.51 1.7 curveto
219.69 1.09 222.19 -1.01 224.51 -3.21 curveto
226.82 -5.4 228.33 -6.97 229.26 -8.17 curveto
230.18 -9.38 235.91 -14.88 240.11 -16.22 curveto
244.3 -17.56 251.31 -21.56 255.06 -21.58 curveto
258.81 -21.59 259.93 -20.96 261.78 -21.36 curveto
263.62 -21.75 265.15 -21.68 267.03 -22.65 curveto
268.9 -23.62 269.23 -22.55 270.21 -24.91 curveto
271.18 -27.27 271.84 -28.96 271.84 -28.96 curveto stroke
newpath 241.72 45.75 moveto
241.72 45.75 242.24 42.98 243.62 42.28 curveto
244.99 41.58 244.98 39.94 249.38 40.34 curveto
253.78 40.73 259.39 42.14 261.1 44.62 curveto
262.81 47.1 267.98 51.67 269.3 54.42 curveto
270.61 57.17 272.64 58.9 275.3 61.81 curveto
277.95 64.72 280.62 69.17 282.2 72.52 curveto
283.77 75.86 283.24 78.91 284.7 82.73 curveto
286.16 86.54 289.12 88.89 291.37 90.15 curveto
293.62 91.41 299.4 91.1 301.1 89.64 curveto
302.8 88.19 306.96 83.58 310.4 81.91 curveto
313.84 80.25 316.91 78.18 319.01 78.57 curveto
321.11 78.95 320.82 78.94 323.03 81.06 curveto
325.24 83.18 328.56 86.12 333.67 87.7 curveto
338.79 89.28 345.7 89.41 348.6 89.06 curveto
351.5 88.72 354.18 90.96 357.16 86.77 curveto
360.14 82.59 359.24 81.39 362.78 77.52 curveto
366.32 73.65 369.38 69.85 371.31 67.64 curveto
373.24 65.42 375.17 63.2 378.53 61.25 curveto
381.89 59.29 388.17 54.49 391.97 53.22 curveto
395.78 51.96 400.99 51.53 402.36 51.02 curveto
403.73 50.51 404.2 48.7 406.48 49.19 curveto
408.76 49.69 410.94 50.37 413.24 50.57 curveto
415.54 50.78 422.36 51 425.74 54.8 curveto
429.11 58.61 437.13 67.92 438.14 70.95 curveto
439.15 73.97 443.04 79.15 445.96 82.46 curveto
448.88 85.77 453.39 90.02 454.77 89.41 curveto
456.14 88.8 455.27 86.84 456.94 88.07 curveto
458.62 89.3 461.26 90.38 461.72 92.71 curveto
462.19 95.04 462.7 96.41 462.26 97.64 curveto
461.82 98.87 459.52 100.87 461.36 104.52 curveto
463.21 108.16 464.85 110.06 467.82 108.18 curveto
470.79 106.3 473.79 103.85 474.39 103.4 curveto
474.99 102.94 476.58 101.77 477.62 104.32 curveto
478.65 106.86 478.93 109.09 480.66 109.17 curveto
482.38 109.25 484.42 110.88 484.07 114.23 curveto stroke
newpath 429.86 27.23 moveto
431.18 31.9 430.64 32.16 432.66 33.99 curveto
434.69 35.81 440.14 40.48 441.55 45.35 curveto
442.96 50.22 444.12 54.12 448.19 57.48 curveto
452.26 60.84 456 63.13 457.32 65.6 curveto
458.65 68.06 462.02 73.99 463.19 75.87 curveto
464.35 77.75 467.31 80.19 468.76 77.86 curveto
470.22 75.52 470.71 71.12 471.28 69.23 curveto
471.85 67.33 473.78 65.02 477.46 66.54 curveto
481.14 68.06 491.45 67.38 490.89 71.3 curveto
490.32 75.21 488.74 76.1 489.13 79.96 curveto
489.53 83.83 490.61 87.53 492.74 89.17 curveto
494.87 90.8 495.65 90.55 498.5 91.45 curveto stroke
 [1.99997 1.99997 ] 0 setdash
newpath 355.37 53.01 moveto
355.97 51.5 362.1 32.42 362.19 30.41 curveto
362.28 28.39 367.12 9.11 370.76 5.43 curveto
374.39 1.75 385.8 -12.03 387.17 -12.73 curveto
388.55 -13.44 398.45 -21.72 403.58 -18.21 curveto
408.7 -14.71 416.49 -6.56 417.79 -3.71 curveto
419.1 -0.86 428.54 22.55 429.86 27.23 curveto stroke
 [] 0 setdash
newpath 346.92 53.96 moveto
347.63 54.37 347.23 54.31 347.6 54.72 curveto
348.52 55.72 349.52 57.78 350.12 58.39 curveto
350.72 58.99 351.67 61.34 352.31 59.79 curveto
352.96 58.23 354.77 54.52 355.37 53.01 curveto stroke
 [1.99997 1.99997 ] 0 setdash
newpath 317.09 37.44 moveto
317.56 37.65 324.02 35.07 331.57 42.25 curveto
339.11 49.43 341.58 50.02 342.5 50.83 curveto
343.42 51.64 346.12 53.52 346.92 53.96 curveto stroke
 [] 0 setdash
newpath 282.83 -23.65 moveto
282.86 -22.21 282.7 -16.73 284.1 -13.69 curveto
285.5 -10.65 288.8 -5.21 290.77 -4.25 curveto
292.75 -3.3 297.34 -0.88 299.48 0.76 curveto
301.61 2.4 306.39 7.23 308.89 13.4 curveto
311.39 19.58 315.91 31.9 316.6 33.57 curveto
317.29 35.23 316.62 37.22 317.09 37.44 curveto stroke
 0 0.16667 dtransform truncate idtransform setlinewidth pop
newpath 307.09 -12.05 moveto
284.76 -1.12 lineto stroke
newpath 285.36192 -1.78577 moveto
284.76 -1.12 lineto
285.65501 -1.18695 lineto stroke
newpath -416.27904 -301.6793 moveto
-411.80095 -296.7407 lineto stroke
newpath -413.06694 -297.39258 moveto
-411.80095 -296.7407 lineto
-412.32619 -298.06427 lineto
 closepath fill
newpath -413.06694 -297.39258 moveto
-411.80095 -296.7407 lineto
-412.32619 -298.06427 lineto
 closepath stroke
newpath -351.13322 -296.31775 moveto
-351.38277 -296.43571 -351.2695 -296.89755 -351.56499 -296.96426 curveto
-351.94838 -297.05083 -351.96863 -296.17195 -352.40166 -296.36432 curveto
-352.8716 -296.57307 -352.16449 -297.16812 -352.4548 -297.42178 curveto
-352.78056 -297.70642 -353.03294 -297.09624 -353.35664 -297.0738 curveto
-353.75087 -297.04648 -353.82602 -297.59062 -354.14677 -297.74225 curveto
 stroke
newpath -353.85927 -296.9634 moveto
-354.00359 -297.17615 -353.96275 -297.53929 -354.14677 -297.74225 curveto
-353.87315 -297.72887 -353.64523 -297.44322 -353.39275 -297.39484 curveto
 closepath stroke
newpath -353.85927 -296.9634 moveto
-354.00359 -297.17615 -353.96275 -297.53929 -354.14677 -297.74225 curveto
-353.87315 -297.72887 -353.64523 -297.44322 -353.39275 -297.39484 curveto
 closepath fill
 0 0.33333 dtransform truncate idtransform setlinewidth pop
newpath -402.84 -237.35 moveto
-402.76 -239.08 -402.34 -240.81 -402.72 -242.85 curveto
-403.11 -244.89 -404.1 -249.97 -405.06 -252.38 curveto
-406.36 -255.61 -406.86 -257.17 -405.41 -259.51 curveto
-403.95 -261.85 -400.11 -264.07 -400.11 -264.07 curveto
-400.11 -264.07 -394.73 -266.13 -393.99 -267.54 curveto
-393.25 -268.94 -392.08 -271.48 -390.72 -271.8 curveto
-389.36 -272.13 -387.99 -272.64 -387.11 -272.93 curveto
-386.23 -273.23 -383.71 -275.8 -382.26 -274.96 curveto
-380.81 -274.13 -379.64 -274.6 -379 -272.79 curveto
-378.36 -270.99 -378.69 -270.19 -377.95 -269.53 curveto
-377.21 -268.87 -376.44 -267.97 -375.76 -269.14 curveto
-375.08 -270.3 -374.85 -272.12 -374.27 -272.19 curveto
-373.69 -272.25 -371.67 -274.32 -370.98 -273.57 curveto
-370.3 -272.81 -367.53 -269.32 -366.43 -266.1 curveto
-365.33 -262.88 -363.91 -259.11 -364.25 -257.16 curveto
-364.58 -255.2 -364.63 -251.99 -364.63 -249.01 curveto
-364.62 -246.03 -365.46 -245.54 -364.07 -244.42 curveto
-362.68 -243.29 -363.6 -243.1 -359.53 -242.91 curveto
-355.45 -242.71 -352.29 -243.43 -351.64 -243.93 curveto
-350.99 -244.43 -343.24 -244.84 -342.46 -244.99 curveto
-341.69 -245.15 -329.96 -246.34 -329.03 -246.63 curveto
-328.1 -246.92 -324.17 -246.93 -322.76 -248.26 curveto
-321.35 -249.59 -317.47 -252.48 -316.5 -252.73 curveto
-315.53 -252.97 -310.28 -255.18 -307.61 -253.8 curveto
-304.93 -252.43 -300.83 -248.73 -300.51 -248.47 curveto
-300.18 -248.22 -298.88 -248.4 -293.77 -242.44 curveto
-288.67 -236.49 -286.53 -233.84 -286.48 -232.87 curveto
-286.43 -231.91 -287.26 -229.64 -284.95 -226.51 curveto
-282.65 -223.37 -276.42 -216.74 -275.45 -214.96 curveto
-274.47 -213.19 -272.57 -210.74 -271.66 -207.58 curveto
-270.75 -204.41 -271.3 -204 -268.89 -202.07 curveto
-266.48 -200.13 -262.81 -197.5 -261.88 -195.68 curveto
-260.96 -193.86 -260.29 -191.81 -259.74 -190.1 curveto
-259.2 -188.4 -256.54 -185.53 -256.15 -184.74 curveto
-255.75 -183.96 -252.12 -180.47 -251.87 -178.68 curveto
-251.61 -176.89 -251.22 -176.15 -250.85 -174.64 curveto
-250.49 -173.14 -249.31 -168.52 -248.09 -166.83 curveto
-246.88 -165.14 -241.79 -159.9 -241.09 -158.38 curveto
-240.39 -156.86 -234.35 -148.31 -233.19 -146.39 curveto
-232.03 -144.46 -228.35 -139.87 -227.23 -138.13 curveto stroke
 0 0.11667 dtransform truncate idtransform setlinewidth pop
newpath 321.70335 43.74 moveto
323.03664 43.74 lineto stroke
 0.11667 0 dtransform exch truncate exch idtransform pop setlinewidth
newpath 322.37 43.07336 moveto
322.37 44.40665 lineto stroke
 0.00002 0.00018 0.00008 setrgbcolor
newpath 322.63667 43.74 moveto
322.63667 43.81073 322.60857 43.87856 322.55855 43.92856 curveto
322.50854 43.97858 322.44072 44.00668 322.37 44.00668 curveto
322.29927 44.00668 322.23145 43.97858 322.18144 43.92856 curveto
322.13142 43.87856 322.10332 43.81073 322.10332 43.74 curveto
322.10332 43.66928 322.13142 43.60146 322.18144 43.55145 curveto
322.23145 43.50143 322.29927 43.47333 322.37 43.47333 curveto
322.44072 43.47333 322.50854 43.50143 322.55855 43.55145 curveto
322.60857 43.60146 322.63667 43.66928 322.63667 43.74 curveto closepath fill
 0 0 0 setrgbcolor 0 0.16667 dtransform truncate idtransform setlinewidth pop
newpath 322.37 43.74 moveto 0 0 rlineto stroke
 0 0.11667 dtransform truncate idtransform setlinewidth pop
newpath -416.82664 -239.87 moveto
-415.49336 -239.87 lineto stroke
 0.11667 0 dtransform exch truncate exch idtransform pop setlinewidth
newpath -416.16 -240.53664 moveto
-416.16 -239.20335 lineto stroke
 0.00002 0.00018 0.00008 setrgbcolor
newpath -415.89333 -239.87 moveto
-415.89333 -239.79927 -415.92143 -239.73145 -415.97145 -239.68144 curveto
-416.02145 -239.63142 -416.08928 -239.60332 -416.16 -239.60332 curveto
-416.23073 -239.60332 -416.29855 -239.63142 -416.34856 -239.68144 curveto
-416.39857 -239.73145 -416.42668 -239.79927 -416.42668 -239.87 curveto
-416.42668 -239.94072 -416.39857 -240.00854 -416.34856 -240.05855 curveto
-416.29855 -240.10857 -416.23073 -240.13667 -416.16 -240.13667 curveto
-416.08928 -240.13667 -416.02145 -240.10857 -415.97145 -240.05855 curveto
-415.92143 -240.00854 -415.89333 -239.94072 -415.89333 -239.87 curveto
 closepath fill
 0 0 0 setrgbcolor 0 0.16667 dtransform truncate idtransform setlinewidth pop
newpath -416.16 -239.87 moveto 0 0 rlineto stroke
 0 0.11667 dtransform truncate idtransform setlinewidth pop
newpath -415.96664 -269.25 moveto
-414.63336 -269.25 lineto stroke
 0.11667 0 dtransform exch truncate exch idtransform pop setlinewidth
newpath -415.3 -269.91664 moveto
-415.3 -268.58336 lineto stroke
 0.00002 0.00018 0.00008 setrgbcolor
newpath -415.03333 -269.25 moveto
-415.03333 -269.17928 -415.06143 -269.11145 -415.11145 -269.06145 curveto
-415.16145 -269.01143 -415.22928 -268.98332 -415.3 -268.98332 curveto
-415.37073 -268.98332 -415.43855 -269.01143 -415.48856 -269.06145 curveto
-415.53857 -269.11145 -415.56668 -269.17928 -415.56668 -269.25 curveto
-415.56668 -269.32072 -415.53857 -269.38855 -415.48856 -269.43855 curveto
-415.43855 -269.48857 -415.37073 -269.51668 -415.3 -269.51668 curveto
-415.22928 -269.51668 -415.16145 -269.48857 -415.11145 -269.43855 curveto
-415.06143 -269.38855 -415.03333 -269.32072 -415.03333 -269.25 curveto
 closepath fill
 0 0 0 setrgbcolor 0 0.16667 dtransform truncate idtransform setlinewidth pop
newpath -415.3 -269.25 moveto 0 0 rlineto stroke
 0 0.11667 dtransform truncate idtransform setlinewidth pop
newpath -391.96664 -273.66 moveto
-390.63336 -273.66 lineto stroke
 0.11667 0 dtransform exch truncate exch idtransform pop setlinewidth
newpath -391.3 -274.32664 moveto
-391.3 -272.99336 lineto stroke
 0.00002 0.00018 0.00008 setrgbcolor
newpath -391.03333 -273.66 moveto
-391.03333 -273.58928 -391.06143 -273.52145 -391.11145 -273.47145 curveto
-391.16145 -273.42143 -391.22928 -273.39333 -391.3 -273.39333 curveto
-391.37073 -273.39333 -391.43855 -273.42143 -391.48856 -273.47145 curveto
-391.53857 -273.52145 -391.56668 -273.58928 -391.56668 -273.66 curveto
-391.56668 -273.73073 -391.53857 -273.79855 -391.48856 -273.84856 curveto
-391.43855 -273.89857 -391.37073 -273.92668 -391.3 -273.92668 curveto
-391.22928 -273.92668 -391.16145 -273.89857 -391.11145 -273.84856 curveto
-391.06143 -273.79855 -391.03333 -273.73073 -391.03333 -273.66 curveto
 closepath fill
 0 0 0 setrgbcolor 0 0.16667 dtransform truncate idtransform setlinewidth pop
newpath -391.3 -273.66 moveto 0 0 rlineto stroke
 0 0.11667 dtransform truncate idtransform setlinewidth pop
newpath -377.71664 -290.93 moveto
-376.38336 -290.93 lineto stroke
 0.11667 0 dtransform exch truncate exch idtransform pop setlinewidth
newpath -377.05 -291.59663 moveto
-377.05 -290.26335 lineto stroke
 0.00002 0.00018 0.00008 setrgbcolor
newpath -376.78333 -290.93 moveto
-376.78333 -290.85927 -376.81143 -290.79144 -376.86145 -290.74144 curveto
-376.91145 -290.69142 -376.97928 -290.66331 -377.05 -290.66331 curveto
-377.12073 -290.66331 -377.18855 -290.69142 -377.23856 -290.74144 curveto
-377.28857 -290.79144 -377.31668 -290.85927 -377.31668 -290.93 curveto
-377.31668 -291.00072 -377.28857 -291.06854 -377.23856 -291.11855 curveto
-377.18855 -291.16856 -377.12073 -291.19667 -377.05 -291.19667 curveto
-376.97928 -291.19667 -376.91145 -291.16856 -376.86145 -291.11855 curveto
-376.81143 -291.06854 -376.78333 -291.00072 -376.78333 -290.93 curveto
 closepath fill
 0 0 0 setrgbcolor 0 0.16667 dtransform truncate idtransform setlinewidth pop
newpath -377.05 -290.93 moveto 0 0 rlineto stroke
 0 0.11667 dtransform truncate idtransform setlinewidth pop
newpath -345.27664 -268.35 moveto
-343.94336 -268.35 lineto stroke
 0.11667 0 dtransform exch truncate exch idtransform pop setlinewidth
newpath -344.61 -269.01665 moveto
-344.61 -267.68336 lineto stroke
 0.00002 0.00018 0.00008 setrgbcolor
newpath -344.34332 -268.35 moveto
-344.34332 -268.27928 -344.37143 -268.21146 -344.42145 -268.16145 curveto
-344.47145 -268.11143 -344.53928 -268.08333 -344.61 -268.08333 curveto
-344.68073 -268.08333 -344.74855 -268.11143 -344.79855 -268.16145 curveto
-344.84857 -268.21146 -344.87668 -268.27928 -344.87668 -268.35 curveto
-344.87668 -268.42073 -344.84857 -268.48856 -344.79855 -268.53856 curveto
-344.74855 -268.58858 -344.68073 -268.61668 -344.61 -268.61668 curveto
-344.53928 -268.61668 -344.47145 -268.58858 -344.42145 -268.53856 curveto
-344.37143 -268.48856 -344.34332 -268.42073 -344.34332 -268.35 curveto
 closepath fill
 0 0 0 setrgbcolor 0 0.16667 dtransform truncate idtransform setlinewidth pop
newpath -344.61 -268.35 moveto 0 0 rlineto stroke
 0 0.11667 dtransform truncate idtransform setlinewidth pop
newpath -318.43665 -276.78 moveto
-317.10336 -276.78 lineto stroke
 0.11667 0 dtransform exch truncate exch idtransform pop setlinewidth
newpath -317.77 -277.44664 moveto
-317.77 -276.11336 lineto stroke
 0.00002 0.00018 0.00008 setrgbcolor
newpath -317.50333 -276.78 moveto
-317.50333 -276.70927 -317.53143 -276.64145 -317.58145 -276.59145 curveto
-317.63145 -276.54143 -317.69928 -276.51332 -317.77 -276.51332 curveto
-317.84073 -276.51332 -317.90855 -276.54143 -317.95856 -276.59145 curveto
-318.00858 -276.64145 -318.03668 -276.70927 -318.03668 -276.78 curveto
-318.03668 -276.85072 -318.00858 -276.91855 -317.95856 -276.96855 curveto
-317.90855 -277.01857 -317.84073 -277.04668 -317.77 -277.04668 curveto
-317.69928 -277.04668 -317.63145 -277.01857 -317.58145 -276.96855 curveto
-317.53143 -276.91855 -317.50333 -276.85072 -317.50333 -276.78 curveto
 closepath fill
 0 0 0 setrgbcolor 0 0.16667 dtransform truncate idtransform setlinewidth pop
newpath -317.77 -276.78 moveto 0 0 rlineto stroke
 0 0.11667 dtransform truncate idtransform setlinewidth pop
newpath -292.75664 -240.42 moveto
-291.42336 -240.42 lineto stroke
 0.11667 0 dtransform exch truncate exch idtransform pop setlinewidth
newpath -292.09 -241.08664 moveto
-292.09 -239.75336 lineto stroke
 0.00002 0.00018 0.00008 setrgbcolor
newpath -291.82332 -240.42 moveto
-291.82332 -240.34927 -291.85143 -240.28145 -291.90144 -240.23145 curveto
-291.95145 -240.18143 -292.01927 -240.15332 -292.09 -240.15332 curveto
-292.16072 -240.15332 -292.22855 -240.18143 -292.27855 -240.23145 curveto
-292.32857 -240.28145 -292.35667 -240.34927 -292.35667 -240.42 curveto
-292.35667 -240.49072 -292.32857 -240.55855 -292.27855 -240.60855 curveto
-292.22855 -240.65857 -292.16072 -240.68668 -292.09 -240.68668 curveto
-292.01927 -240.68668 -291.95145 -240.65857 -291.90144 -240.60855 curveto
-291.85143 -240.55855 -291.82332 -240.49072 -291.82332 -240.42 curveto
 closepath fill
 0 0 0 setrgbcolor 0 0.16667 dtransform truncate idtransform setlinewidth pop
newpath -292.09 -240.42 moveto 0 0 rlineto stroke
 0 0.11667 dtransform truncate idtransform setlinewidth pop
newpath -249.96664 -198.95 moveto
-248.63336 -198.95 lineto stroke
 0.11667 0 dtransform exch truncate exch idtransform pop setlinewidth
newpath -249.3 -199.61664 moveto
-249.3 -198.28336 lineto stroke
 0.00002 0.00018 0.00008 setrgbcolor
newpath -249.03333 -198.95 moveto
-249.03333 -198.87927 -249.06143 -198.81145 -249.11145 -198.76144 curveto
-249.16145 -198.71143 -249.22928 -198.68332 -249.3 -198.68332 curveto
-249.37073 -198.68332 -249.43855 -198.71143 -249.48856 -198.76144 curveto
-249.53857 -198.81145 -249.56668 -198.87927 -249.56668 -198.95 curveto
-249.56668 -199.02072 -249.53857 -199.08855 -249.48856 -199.13855 curveto
-249.43855 -199.18857 -249.37073 -199.21667 -249.3 -199.21667 curveto
-249.22928 -199.21667 -249.16145 -199.18857 -249.11145 -199.13855 curveto
-249.06143 -199.08855 -249.03333 -199.02072 -249.03333 -198.95 curveto
 closepath fill
 0 0 0 setrgbcolor 0 0.16667 dtransform truncate idtransform setlinewidth pop
newpath -249.3 -198.95 moveto 0 0 rlineto stroke
 0 0.11667 dtransform truncate idtransform setlinewidth pop
newpath -248.42664 -178.84 moveto
-247.09335 -178.84 lineto stroke
 0.11667 0 dtransform exch truncate exch idtransform pop setlinewidth
newpath -247.76 -179.50664 moveto
-247.76 -178.17336 lineto stroke
 0.00002 0.00018 0.00008 setrgbcolor
newpath -247.49332 -178.84 moveto
-247.49332 -178.76927 -247.52142 -178.70145 -247.57144 -178.65144 curveto
-247.62144 -178.60143 -247.68927 -178.57332 -247.76 -178.57332 curveto
-247.83072 -178.57332 -247.89854 -178.60143 -247.94855 -178.65144 curveto
-247.99857 -178.70145 -248.02667 -178.76927 -248.02667 -178.84 curveto
-248.02667 -178.91072 -247.99857 -178.97855 -247.94855 -179.02855 curveto
-247.89854 -179.07857 -247.83072 -179.10667 -247.76 -179.10667 curveto
-247.68927 -179.10667 -247.62144 -179.07857 -247.57144 -179.02855 curveto
-247.52142 -178.97855 -247.49332 -178.91072 -247.49332 -178.84 curveto
 closepath fill
 0 0 0 setrgbcolor 0 0.16667 dtransform truncate idtransform setlinewidth pop
newpath -247.76 -178.84 moveto 0 0 rlineto stroke
 0 0.11667 dtransform truncate idtransform setlinewidth pop
newpath -216.85664 -138.19 moveto
-215.52336 -138.19 lineto stroke
 0.11667 0 dtransform exch truncate exch idtransform pop setlinewidth
newpath -216.19 -138.85664 moveto
-216.19 -137.52336 lineto stroke
 0.00002 0.00018 0.00008 setrgbcolor
newpath -215.92332 -138.19 moveto
-215.92332 -138.11928 -215.95143 -138.05145 -216.00145 -138.00145 curveto
-216.05145 -137.95143 -216.11928 -137.92332 -216.19 -137.92332 curveto
-216.26073 -137.92332 -216.32855 -137.95143 -216.37856 -138.00145 curveto
-216.42857 -138.05145 -216.45668 -138.11928 -216.45668 -138.19 curveto
-216.45668 -138.26073 -216.42857 -138.32855 -216.37856 -138.37856 curveto
-216.32855 -138.42857 -216.26073 -138.45668 -216.19 -138.45668 curveto
-216.11928 -138.45668 -216.05145 -138.42857 -216.00145 -138.37856 curveto
-215.95143 -138.32855 -215.92332 -138.26073 -215.92332 -138.19 curveto
 closepath fill
 0 0 0 setrgbcolor 0 0.16667 dtransform truncate idtransform setlinewidth pop
newpath -216.19 -138.19 moveto 0 0 rlineto stroke
 0 0.11667 dtransform truncate idtransform setlinewidth pop
newpath -178.19664 -105.78 moveto
-176.86336 -105.78 lineto stroke
 0.11667 0 dtransform exch truncate exch idtransform pop setlinewidth
newpath -177.53 -106.44664 moveto
-177.53 -105.11336 lineto stroke
 0.00002 0.00018 0.00008 setrgbcolor
newpath -177.26332 -105.78 moveto
-177.26332 -105.70927 -177.29143 -105.64145 -177.34145 -105.59145 curveto
-177.39145 -105.54143 -177.45927 -105.51332 -177.53 -105.51332 curveto
-177.60072 -105.51332 -177.66855 -105.54143 -177.71855 -105.59145 curveto
-177.76857 -105.64145 -177.79668 -105.70927 -177.79668 -105.78 curveto
-177.79668 -105.85072 -177.76857 -105.91855 -177.71855 -105.96855 curveto
-177.66855 -106.01857 -177.60072 -106.04668 -177.53 -106.04668 curveto
-177.45927 -106.04668 -177.39145 -106.01857 -177.34145 -105.96855 curveto
-177.29143 -105.91855 -177.26332 -105.85072 -177.26332 -105.78 curveto
 closepath fill
 0 0 0 setrgbcolor 0 0.16667 dtransform truncate idtransform setlinewidth pop
newpath -177.53 -105.78 moveto 0 0 rlineto stroke
 0 0.11667 dtransform truncate idtransform setlinewidth pop
newpath -160.00664 -47.22 moveto
-158.67336 -47.22 lineto stroke
 0.11667 0 dtransform exch truncate exch idtransform pop setlinewidth
newpath -159.34 -47.88664 moveto
-159.34 -46.55336 lineto stroke
 0.00002 0.00018 0.00008 setrgbcolor
newpath -159.07332 -47.22 moveto
-159.07332 -47.14928 -159.10143 -47.08145 -159.15144 -47.03145 curveto
-159.20145 -46.98143 -159.26927 -46.95332 -159.34 -46.95332 curveto
-159.41072 -46.95332 -159.47855 -46.98143 -159.52855 -47.03145 curveto
-159.57857 -47.08145 -159.60667 -47.14928 -159.60667 -47.22 curveto
-159.60667 -47.29073 -159.57857 -47.35855 -159.52855 -47.40855 curveto
-159.47855 -47.45857 -159.41072 -47.48668 -159.34 -47.48668 curveto
-159.26927 -47.48668 -159.20145 -47.45857 -159.15144 -47.40855 curveto
-159.10143 -47.35855 -159.07332 -47.29073 -159.07332 -47.22 curveto closepath
 fill
 0 0 0 setrgbcolor 0 0.16667 dtransform truncate idtransform setlinewidth pop
newpath -159.34 -47.22 moveto 0 0 rlineto stroke
 0 0.11667 dtransform truncate idtransform setlinewidth pop
newpath -112.98665 -16.63 moveto
-111.65337 -16.63 lineto stroke
 0.11667 0 dtransform exch truncate exch idtransform pop setlinewidth
newpath -112.32 -17.29665 moveto
-112.32 -15.96336 lineto stroke
 0.00002 0.00018 0.00008 setrgbcolor
newpath -112.05333 -16.63 moveto
-112.05333 -16.55928 -112.08144 -16.49146 -112.13145 -16.44145 curveto
-112.18146 -16.39143 -112.24928 -16.36333 -112.32 -16.36333 curveto
-112.39073 -16.36333 -112.45856 -16.39143 -112.50856 -16.44145 curveto
-112.55858 -16.49146 -112.58669 -16.55928 -112.58669 -16.63 curveto
-112.58669 -16.70073 -112.55858 -16.76855 -112.50856 -16.81856 curveto
-112.45856 -16.86858 -112.39073 -16.89668 -112.32 -16.89668 curveto
-112.24928 -16.89668 -112.18146 -16.86858 -112.13145 -16.81856 curveto
-112.08144 -16.76855 -112.05333 -16.70073 -112.05333 -16.63 curveto closepath
 fill
 0 0 0 setrgbcolor 0 0.16667 dtransform truncate idtransform setlinewidth pop
newpath -112.32 -16.63 moveto 0 0 rlineto stroke
 0 0.11667 dtransform truncate idtransform setlinewidth pop
newpath -86.23665 56.44 moveto
-84.90337 56.44 lineto stroke
 0.11667 0 dtransform exch truncate exch idtransform pop setlinewidth
newpath -85.57 55.77336 moveto
-85.57 57.10664 lineto stroke
 0.00002 0.00018 0.00008 setrgbcolor
newpath -85.30333 56.44 moveto
-85.30333 56.51073 -85.33144 56.57855 -85.38145 56.62856 curveto
-85.43146 56.67857 -85.49928 56.70668 -85.57 56.70668 curveto
-85.64073 56.70668 -85.70856 56.67857 -85.75856 56.62856 curveto
-85.80858 56.57855 -85.83669 56.51073 -85.83669 56.44 curveto
-85.83669 56.36928 -85.80858 56.30145 -85.75856 56.25145 curveto
-85.70856 56.20143 -85.64073 56.17332 -85.57 56.17332 curveto
-85.49928 56.17332 -85.43146 56.20143 -85.38145 56.25145 curveto
-85.33144 56.30145 -85.30333 56.36928 -85.30333 56.44 curveto closepath fill
 0 0 0 setrgbcolor 0 0.16667 dtransform truncate idtransform setlinewidth pop
newpath -85.57 56.44 moveto 0 0 rlineto stroke
 0 0.11667 dtransform truncate idtransform setlinewidth pop
newpath -37.18665 93.44 moveto
-35.85336 93.44 lineto stroke
 0.11667 0 dtransform exch truncate exch idtransform pop setlinewidth
newpath -36.52 92.77336 moveto
-36.52 94.10664 lineto stroke
 0.00002 0.00018 0.00008 setrgbcolor
newpath -36.25333 93.44 moveto
-36.25333 93.51073 -36.28143 93.57855 -36.33145 93.62856 curveto
-36.38145 93.67857 -36.44928 93.70668 -36.52 93.70668 curveto
-36.59073 93.70668 -36.65855 93.67857 -36.70856 93.62856 curveto
-36.75858 93.57855 -36.78668 93.51073 -36.78668 93.44 curveto
-36.78668 93.36928 -36.75858 93.30145 -36.70856 93.25145 curveto
-36.65855 93.20143 -36.59073 93.17332 -36.52 93.17332 curveto
-36.44928 93.17332 -36.38145 93.20143 -36.33145 93.25145 curveto
-36.28143 93.30145 -36.25333 93.36928 -36.25333 93.44 curveto closepath fill
 0 0 0 setrgbcolor 0 0.16667 dtransform truncate idtransform setlinewidth pop
newpath -36.52 93.44 moveto 0 0 rlineto stroke
 0 0.11667 dtransform truncate idtransform setlinewidth pop
newpath -38.48665 124.72 moveto
-37.15337 124.72 lineto stroke
 0.11667 0 dtransform exch truncate exch idtransform pop setlinewidth
newpath -37.82 124.05336 moveto
-37.82 125.38664 lineto stroke
 0.00002 0.00018 0.00008 setrgbcolor
newpath -37.55333 124.72 moveto
-37.55333 124.79073 -37.58144 124.85855 -37.63145 124.90855 curveto
-37.68146 124.95857 -37.74928 124.98668 -37.82 124.98668 curveto
-37.89073 124.98668 -37.95856 124.95857 -38.00856 124.90855 curveto
-38.05858 124.85855 -38.08669 124.79073 -38.08669 124.72 curveto
-38.08669 124.64928 -38.05858 124.58145 -38.00856 124.53145 curveto
-37.95856 124.48143 -37.89073 124.45332 -37.82 124.45332 curveto
-37.74928 124.45332 -37.68146 124.48143 -37.63145 124.53145 curveto
-37.58144 124.58145 -37.55333 124.64928 -37.55333 124.72 curveto closepath fill
 0 0 0 setrgbcolor 0 0.16667 dtransform truncate idtransform setlinewidth pop
newpath -37.82 124.72 moveto 0 0 rlineto stroke
 0 0.11667 dtransform truncate idtransform setlinewidth pop
newpath -28.14664 153.31 moveto
-26.81335 153.31 lineto stroke
 0.11667 0 dtransform exch truncate exch idtransform pop setlinewidth
newpath -27.48 152.64336 moveto
-27.48 153.97664 lineto stroke
 0.00002 0.00018 0.00008 setrgbcolor
newpath -27.21332 153.31 moveto
-27.21332 153.38072 -27.24142 153.44855 -27.29144 153.49855 curveto
-27.34145 153.54857 -27.40927 153.57668 -27.48 153.57668 curveto
-27.55072 153.57668 -27.61855 153.54857 -27.66855 153.49855 curveto
-27.71857 153.44855 -27.74667 153.38072 -27.74667 153.31 curveto
-27.74667 153.23927 -27.71857 153.17145 -27.66855 153.12144 curveto
-27.61855 153.07143 -27.55072 153.04332 -27.48 153.04332 curveto
-27.40927 153.04332 -27.34145 153.07143 -27.29144 153.12144 curveto
-27.24142 153.17145 -27.21332 153.23927 -27.21332 153.31 curveto closepath fill
 0 0 0 setrgbcolor 0 0.16667 dtransform truncate idtransform setlinewidth pop
newpath -27.48 153.31 moveto 0 0 rlineto stroke
 0 0.11667 dtransform truncate idtransform setlinewidth pop
newpath 19.29337 112.84 moveto
20.62665 112.84 lineto stroke
 0.11667 0 dtransform exch truncate exch idtransform pop setlinewidth
newpath 19.96 112.17336 moveto
19.96 113.50664 lineto stroke
 0.00002 0.00018 0.00008 setrgbcolor
newpath 20.22668 112.84 moveto
20.22668 112.91072 20.19858 112.97855 20.14856 113.02855 curveto
20.09856 113.07857 20.03073 113.10667 19.96 113.10667 curveto
19.88928 113.10667 19.82146 113.07857 19.77145 113.02855 curveto
19.72144 112.97855 19.69333 112.91072 19.69333 112.84 curveto
19.69333 112.76927 19.72144 112.70145 19.77145 112.65144 curveto
19.82146 112.60143 19.88928 112.57332 19.96 112.57332 curveto
20.03073 112.57332 20.09856 112.60143 20.14856 112.65144 curveto
20.19858 112.70145 20.22668 112.76927 20.22668 112.84 curveto closepath fill
 0 0 0 setrgbcolor 0 0.16667 dtransform truncate idtransform setlinewidth pop
newpath 19.96 112.84 moveto 0 0 rlineto stroke
 0 0.11667 dtransform truncate idtransform setlinewidth pop
newpath 29.29337 154.13 moveto
30.62665 154.13 lineto stroke
 0.11667 0 dtransform exch truncate exch idtransform pop setlinewidth
newpath 29.96 153.46336 moveto
29.96 154.79665 lineto stroke
 0.00002 0.00018 0.00008 setrgbcolor
newpath 30.22668 154.13 moveto
30.22668 154.20073 30.19858 154.26855 30.14856 154.31856 curveto
30.09856 154.36858 30.03073 154.39668 29.96 154.39668 curveto
29.88928 154.39668 29.82146 154.36858 29.77145 154.31856 curveto
29.72144 154.26855 29.69333 154.20073 29.69333 154.13 curveto
29.69333 154.05928 29.72144 153.99146 29.77145 153.94145 curveto
29.82146 153.89143 29.88928 153.86333 29.96 153.86333 curveto
30.03073 153.86333 30.09856 153.89143 30.14856 153.94145 curveto
30.19858 153.99146 30.22668 154.05928 30.22668 154.13 curveto closepath fill
 0 0 0 setrgbcolor 0 0.16667 dtransform truncate idtransform setlinewidth pop
newpath 29.96 154.13 moveto 0 0 rlineto stroke
 0 0.11667 dtransform truncate idtransform setlinewidth pop
newpath -21.72664 210.33 moveto
-20.39336 210.33 lineto stroke
 0.11667 0 dtransform exch truncate exch idtransform pop setlinewidth
newpath -21.06 209.66336 moveto
-21.06 210.99664 lineto stroke
 0.00002 0.00018 0.00008 setrgbcolor
newpath -20.79332 210.33 moveto
-20.79332 210.40073 -20.82143 210.46855 -20.87144 210.51855 curveto
-20.92145 210.56857 -20.98927 210.59668 -21.06 210.59668 curveto
-21.13072 210.59668 -21.19855 210.56857 -21.24855 210.51855 curveto
-21.29857 210.46855 -21.32668 210.40073 -21.32668 210.33 curveto
-21.32668 210.25928 -21.29857 210.19145 -21.24855 210.14145 curveto
-21.19855 210.09143 -21.13072 210.06332 -21.06 210.06332 curveto
-20.98927 210.06332 -20.92145 210.09143 -20.87144 210.14145 curveto
-20.82143 210.19145 -20.79332 210.25928 -20.79332 210.33 curveto closepath fill
 0 0 0 setrgbcolor 0 0.16667 dtransform truncate idtransform setlinewidth pop
newpath -21.06 210.33 moveto 0 0 rlineto stroke
 0 0.11667 dtransform truncate idtransform setlinewidth pop
newpath 23.74336 21.57 moveto
25.07664 21.57 lineto stroke
 0.11667 0 dtransform exch truncate exch idtransform pop setlinewidth
newpath 24.41 20.90337 moveto
24.41 22.23665 lineto stroke
 0.00002 0.00018 0.00008 setrgbcolor
newpath 24.67668 21.57 moveto
24.67668 21.64073 24.64857 21.70856 24.59856 21.75856 curveto
24.54855 21.80858 24.48073 21.83669 24.41 21.83669 curveto
24.33928 21.83669 24.27145 21.80858 24.22145 21.75856 curveto
24.17143 21.70856 24.14333 21.64073 24.14333 21.57 curveto
24.14333 21.49928 24.17143 21.43146 24.22145 21.38145 curveto
24.27145 21.33144 24.33928 21.30333 24.41 21.30333 curveto
24.48073 21.30333 24.54855 21.33144 24.59856 21.38145 curveto
24.64857 21.43146 24.67668 21.49928 24.67668 21.57 curveto closepath fill
 0 0 0 setrgbcolor 0 0.16667 dtransform truncate idtransform setlinewidth pop
newpath 24.41 21.57 moveto 0 0 rlineto stroke
 0 0.11667 dtransform truncate idtransform setlinewidth pop
newpath 7.71336 -8.6 moveto
9.04665 -8.6 lineto stroke
 0.11667 0 dtransform exch truncate exch idtransform pop setlinewidth
newpath 8.38 -9.26665 moveto
8.38 -7.93336 lineto stroke
 0.00002 0.00018 0.00008 setrgbcolor
newpath 8.64668 -8.6 moveto
8.64668 -8.52928 8.61858 -8.46146 8.56856 -8.41145 curveto
8.51855 -8.36143 8.45073 -8.33333 8.38 -8.33333 curveto
8.30928 -8.33333 8.24146 -8.36143 8.19145 -8.41145 curveto
8.14143 -8.46146 8.11333 -8.52928 8.11333 -8.6 curveto
8.11333 -8.67073 8.14143 -8.73856 8.19145 -8.78856 curveto
8.24146 -8.83858 8.30928 -8.86668 8.38 -8.86668 curveto
8.45073 -8.86668 8.51855 -8.83858 8.56856 -8.78856 curveto
8.61858 -8.73856 8.64668 -8.67073 8.64668 -8.6 curveto closepath fill
 0 0 0 setrgbcolor 0 0.16667 dtransform truncate idtransform setlinewidth pop
newpath 8.38 -8.6 moveto 0 0 rlineto stroke
 0 0.11667 dtransform truncate idtransform setlinewidth pop
newpath 45.57336 -28.05 moveto
46.90665 -28.05 lineto stroke
 0.11667 0 dtransform exch truncate exch idtransform pop setlinewidth
newpath 46.24 -28.71664 moveto
46.24 -27.38336 lineto stroke
 0.00002 0.00018 0.00008 setrgbcolor
newpath 46.50668 -28.05 moveto
46.50668 -27.97928 46.47858 -27.91145 46.42856 -27.86145 curveto
46.37856 -27.81143 46.31073 -27.78333 46.24 -27.78333 curveto
46.16928 -27.78333 46.10146 -27.81143 46.05145 -27.86145 curveto
46.00143 -27.91145 45.97333 -27.97928 45.97333 -28.05 curveto
45.97333 -28.12073 46.00143 -28.18855 46.05145 -28.23856 curveto
46.10146 -28.28857 46.16928 -28.31668 46.24 -28.31668 curveto
46.31073 -28.31668 46.37856 -28.28857 46.42856 -28.23856 curveto
46.47858 -28.18855 46.50668 -28.12073 46.50668 -28.05 curveto closepath fill
 0 0 0 setrgbcolor 0 0.16667 dtransform truncate idtransform setlinewidth pop
newpath 46.24 -28.05 moveto 0 0 rlineto stroke
 0 0.11667 dtransform truncate idtransform setlinewidth pop
newpath 0.96336 -65.05 moveto
2.29665 -65.05 lineto stroke
 0.11667 0 dtransform exch truncate exch idtransform pop setlinewidth
newpath 1.63 -65.71664 moveto
1.63 -64.38336 lineto stroke
 0.00002 0.00018 0.00008 setrgbcolor
newpath 1.89668 -65.05 moveto
1.89668 -64.97928 1.86858 -64.91145 1.81856 -64.86145 curveto
1.76855 -64.81143 1.70073 -64.78333 1.63 -64.78333 curveto
1.55928 -64.78333 1.49146 -64.81143 1.44145 -64.86145 curveto
1.39143 -64.91145 1.36333 -64.97928 1.36333 -65.05 curveto
1.36333 -65.12073 1.39143 -65.18855 1.44145 -65.23856 curveto
1.49146 -65.28857 1.55928 -65.31668 1.63 -65.31668 curveto
1.70073 -65.31668 1.76855 -65.28857 1.81856 -65.23856 curveto
1.86858 -65.18855 1.89668 -65.12073 1.89668 -65.05 curveto closepath fill
 0 0 0 setrgbcolor 0 0.16667 dtransform truncate idtransform setlinewidth pop
newpath 1.63 -65.05 moveto 0 0 rlineto stroke
 0 0.11667 dtransform truncate idtransform setlinewidth pop
newpath 91.20335 -4.87 moveto
92.53664 -4.87 lineto stroke
 0.11667 0 dtransform exch truncate exch idtransform pop setlinewidth
newpath 91.87 -5.53664 moveto
91.87 -4.20335 lineto stroke
 0.00002 0.00018 0.00008 setrgbcolor
newpath 92.13667 -4.87 moveto
92.13667 -4.79927 92.10857 -4.73145 92.05855 -4.68144 curveto
92.00854 -4.63142 91.94072 -4.60332 91.87 -4.60332 curveto
91.79927 -4.60332 91.73145 -4.63142 91.68144 -4.68144 curveto
91.63142 -4.73145 91.60332 -4.79927 91.60332 -4.87 curveto
91.60332 -4.94072 91.63142 -5.00854 91.68144 -5.05855 curveto
91.73145 -5.10857 91.79927 -5.13667 91.87 -5.13667 curveto
91.94072 -5.13667 92.00854 -5.10857 92.05855 -5.05855 curveto
92.10857 -5.00854 92.13667 -4.94072 92.13667 -4.87 curveto closepath fill
 0 0 0 setrgbcolor 0 0.16667 dtransform truncate idtransform setlinewidth pop
newpath 91.87 -4.87 moveto 0 0 rlineto stroke
 0 0.11667 dtransform truncate idtransform setlinewidth pop
newpath 140.18336 -17.95 moveto
141.51665 -17.95 lineto stroke
 0.11667 0 dtransform exch truncate exch idtransform pop setlinewidth
newpath 140.85 -18.61664 moveto
140.85 -17.28336 lineto stroke
 0.00002 0.00018 0.00008 setrgbcolor
newpath 141.11668 -17.95 moveto
141.11668 -17.87927 141.08858 -17.81145 141.03856 -17.76144 curveto
140.98856 -17.71143 140.92073 -17.68332 140.85 -17.68332 curveto
140.77928 -17.68332 140.71146 -17.71143 140.66145 -17.76144 curveto
140.61143 -17.81145 140.58333 -17.87927 140.58333 -17.95 curveto
140.58333 -18.02072 140.61143 -18.08855 140.66145 -18.13855 curveto
140.71146 -18.18857 140.77928 -18.21667 140.85 -18.21667 curveto
140.92073 -18.21667 140.98856 -18.18857 141.03856 -18.13855 curveto
141.08858 -18.08855 141.11668 -18.02072 141.11668 -17.95 curveto closepath fill
 0 0 0 setrgbcolor 0 0.16667 dtransform truncate idtransform setlinewidth pop
newpath 140.85 -17.95 moveto 0 0 rlineto stroke
 0 0.11667 dtransform truncate idtransform setlinewidth pop
newpath 154.18336 -3.83 moveto
155.51665 -3.83 lineto stroke
 0.11667 0 dtransform exch truncate exch idtransform pop setlinewidth
newpath 154.85 -4.49664 moveto
154.85 -3.16336 lineto stroke
 0.00002 0.00018 0.00008 setrgbcolor
newpath 155.11668 -3.83 moveto
155.11668 -3.75928 155.08858 -3.69145 155.03856 -3.64145 curveto
154.98856 -3.59143 154.92073 -3.56332 154.85 -3.56332 curveto
154.77928 -3.56332 154.71146 -3.59143 154.66145 -3.64145 curveto
154.61143 -3.69145 154.58333 -3.75928 154.58333 -3.83 curveto
154.58333 -3.90073 154.61143 -3.96855 154.66145 -4.01855 curveto
154.71146 -4.06857 154.77928 -4.09668 154.85 -4.09668 curveto
154.92073 -4.09668 154.98856 -4.06857 155.03856 -4.01855 curveto
155.08858 -3.96855 155.11668 -3.90073 155.11668 -3.83 curveto closepath fill
 0 0 0 setrgbcolor 0 0.16667 dtransform truncate idtransform setlinewidth pop
newpath 154.85 -3.83 moveto 0 0 rlineto stroke
 0 0.11667 dtransform truncate idtransform setlinewidth pop
newpath 221.82336 37.39 moveto
223.15665 37.39 lineto stroke
 0.11667 0 dtransform exch truncate exch idtransform pop setlinewidth
newpath 222.49 36.72336 moveto
222.49 38.05664 lineto stroke
 0.00002 0.00018 0.00008 setrgbcolor
newpath 222.75668 37.39 moveto
222.75668 37.46072 222.72858 37.52855 222.67856 37.57855 curveto
222.62856 37.62857 222.56073 37.65668 222.49 37.65668 curveto
222.41928 37.65668 222.35146 37.62857 222.30145 37.57855 curveto
222.25143 37.52855 222.22333 37.46072 222.22333 37.39 curveto
222.22333 37.31927 222.25143 37.25145 222.30145 37.20145 curveto
222.35146 37.15143 222.41928 37.12332 222.49 37.12332 curveto
222.56073 37.12332 222.62856 37.15143 222.67856 37.20145 curveto
222.72858 37.25145 222.75668 37.31927 222.75668 37.39 curveto closepath fill
 0 0 0 setrgbcolor 0 0.16667 dtransform truncate idtransform setlinewidth pop
newpath 222.49 37.39 moveto 0 0 rlineto stroke
 0 0.11667 dtransform truncate idtransform setlinewidth pop
newpath 258.23335 2.98 moveto
259.56664 2.98 lineto stroke
 0.11667 0 dtransform exch truncate exch idtransform pop setlinewidth
newpath 258.9 2.31335 moveto
258.9 3.64664 lineto stroke
 0.00002 0.00018 0.00008 setrgbcolor
newpath 259.16667 2.98 moveto
259.16667 3.05072 259.13857 3.11855 259.08855 3.16855 curveto
259.03854 3.21857 258.97072 3.24667 258.9 3.24667 curveto
258.82927 3.24667 258.76144 3.21857 258.71144 3.16855 curveto
258.66142 3.11855 258.63332 3.05072 258.63332 2.98 curveto
258.63332 2.90927 258.66142 2.84145 258.71144 2.79144 curveto
258.76144 2.74142 258.82927 2.71332 258.9 2.71332 curveto
258.97072 2.71332 259.03854 2.74142 259.08855 2.79144 curveto
259.13857 2.84145 259.16667 2.90927 259.16667 2.98 curveto closepath fill
 0 0 0 setrgbcolor 0 0.16667 dtransform truncate idtransform setlinewidth pop
newpath 258.9 2.98 moveto 0 0 rlineto stroke
 0 0.11667 dtransform truncate idtransform setlinewidth pop
newpath 286.59335 32.01 moveto
287.92664 32.01 lineto stroke
 0.11667 0 dtransform exch truncate exch idtransform pop setlinewidth
newpath 287.26 31.34335 moveto
287.26 32.67664 lineto stroke
 0.00002 0.00018 0.00008 setrgbcolor
newpath 287.52667 32.01 moveto
287.52667 32.08072 287.49857 32.14854 287.44855 32.19855 curveto
287.39854 32.24857 287.33072 32.27667 287.26 32.27667 curveto
287.18927 32.27667 287.12144 32.24857 287.07144 32.19855 curveto
287.02142 32.14854 286.99332 32.08072 286.99332 32.01 curveto
286.99332 31.93927 287.02142 31.87144 287.07144 31.82144 curveto
287.12144 31.77142 287.18927 31.74332 287.26 31.74332 curveto
287.33072 31.74332 287.39854 31.77142 287.44855 31.82144 curveto
287.49857 31.87144 287.52667 31.93927 287.52667 32.01 curveto closepath fill
 0 0 0 setrgbcolor 0 0.16667 dtransform truncate idtransform setlinewidth pop
newpath 287.26 32.01 moveto 0 0 rlineto stroke
 0 0.11667 dtransform truncate idtransform setlinewidth pop
newpath 307.10336 38.39 moveto
308.43665 38.39 lineto stroke
 0.11667 0 dtransform exch truncate exch idtransform pop setlinewidth
newpath 307.77 37.72336 moveto
307.77 39.05664 lineto stroke
 0.00002 0.00018 0.00008 setrgbcolor
newpath 308.03668 38.39 moveto
308.03668 38.46072 308.00858 38.52855 307.95856 38.57855 curveto
307.90855 38.62857 307.84073 38.65668 307.77 38.65668 curveto
307.69928 38.65668 307.63145 38.62857 307.58145 38.57855 curveto
307.53143 38.52855 307.50333 38.46072 307.50333 38.39 curveto
307.50333 38.31927 307.53143 38.25145 307.58145 38.20145 curveto
307.63145 38.15143 307.69928 38.12332 307.77 38.12332 curveto
307.84073 38.12332 307.90855 38.15143 307.95856 38.20145 curveto
308.00858 38.25145 308.03668 38.31927 308.03668 38.39 curveto closepath fill
 0 0 0 setrgbcolor 0 0.16667 dtransform truncate idtransform setlinewidth pop
newpath 307.77 38.39 moveto 0 0 rlineto stroke
 0 0.11667 dtransform truncate idtransform setlinewidth pop
newpath 324.31335 58.55 moveto
325.64664 58.55 lineto stroke
 0.11667 0 dtransform exch truncate exch idtransform pop setlinewidth
newpath 324.98 57.88336 moveto
324.98 59.21664 lineto stroke
 0.00002 0.00018 0.00008 setrgbcolor
newpath 325.24667 58.55 moveto
325.24667 58.62073 325.21857 58.68855 325.16855 58.73856 curveto
325.11855 58.78857 325.05072 58.81668 324.98 58.81668 curveto
324.90927 58.81668 324.84145 58.78857 324.79144 58.73856 curveto
324.74142 58.68855 324.71332 58.62073 324.71332 58.55 curveto
324.71332 58.47928 324.74142 58.41145 324.79144 58.36145 curveto
324.84145 58.31143 324.90927 58.28333 324.98 58.28333 curveto
325.05072 58.28333 325.11855 58.31143 325.16855 58.36145 curveto
325.21857 58.41145 325.24667 58.47928 325.24667 58.55 curveto closepath fill
 0 0 0 setrgbcolor 0 0.16667 dtransform truncate idtransform setlinewidth pop
newpath 324.98 58.55 moveto 0 0 rlineto stroke
 0 0.11667 dtransform truncate idtransform setlinewidth pop
newpath 350.21336 72.96 moveto
351.54665 72.96 lineto stroke
 0.11667 0 dtransform exch truncate exch idtransform pop setlinewidth
newpath 350.88 72.29337 moveto
350.88 73.62665 lineto stroke
 0.00002 0.00018 0.00008 setrgbcolor
newpath 351.14668 72.96 moveto
351.14668 73.03073 351.11858 73.09856 351.06856 73.14856 curveto
351.01855 73.19858 350.95073 73.22668 350.88 73.22668 curveto
350.80928 73.22668 350.74146 73.19858 350.69145 73.14856 curveto
350.64143 73.09856 350.61333 73.03073 350.61333 72.96 curveto
350.61333 72.88928 350.64143 72.82146 350.69145 72.77145 curveto
350.74146 72.72144 350.80928 72.69333 350.88 72.69333 curveto
350.95073 72.69333 351.01855 72.72144 351.06856 72.77145 curveto
351.11858 72.82146 351.14668 72.88928 351.14668 72.96 curveto closepath fill
 0 0 0 setrgbcolor 0 0.16667 dtransform truncate idtransform setlinewidth pop
newpath 350.88 72.96 moveto 0 0 rlineto stroke
 0 0.11667 dtransform truncate idtransform setlinewidth pop
newpath 375.56335 55.23 moveto
376.89664 55.23 lineto stroke
 0.11667 0 dtransform exch truncate exch idtransform pop setlinewidth
newpath 376.23 54.56335 moveto
376.23 55.89664 lineto stroke
 0.00002 0.00018 0.00008 setrgbcolor
newpath 376.49667 55.23 moveto
376.49667 55.30072 376.46857 55.36855 376.41855 55.41855 curveto
376.36855 55.46857 376.30072 55.49667 376.23 55.49667 curveto
376.15927 55.49667 376.09145 55.46857 376.04144 55.41855 curveto
375.99142 55.36855 375.96332 55.30072 375.96332 55.23 curveto
375.96332 55.15927 375.99142 55.09145 376.04144 55.04144 curveto
376.09145 54.99142 376.15927 54.96332 376.23 54.96332 curveto
376.30072 54.96332 376.36855 54.99142 376.41855 55.04144 curveto
376.46857 55.09145 376.49667 55.15927 376.49667 55.23 curveto closepath fill
 0 0 0 setrgbcolor 0 0.16667 dtransform truncate idtransform setlinewidth pop
newpath 376.23 55.23 moveto 0 0 rlineto stroke
 0 0.11667 dtransform truncate idtransform setlinewidth pop
newpath 400.99336 37.98 moveto
402.32664 37.98 lineto stroke
 0.11667 0 dtransform exch truncate exch idtransform pop setlinewidth
newpath 401.66 37.31335 moveto
401.66 38.64664 lineto stroke
 0.00002 0.00018 0.00008 setrgbcolor
newpath 401.92668 37.98 moveto
401.92668 38.05072 401.89857 38.11855 401.84856 38.16855 curveto
401.79855 38.21857 401.73073 38.24667 401.66 38.24667 curveto
401.58928 38.24667 401.52145 38.21857 401.47145 38.16855 curveto
401.42143 38.11855 401.39333 38.05072 401.39333 37.98 curveto
401.39333 37.90927 401.42143 37.84145 401.47145 37.79144 curveto
401.52145 37.74142 401.58928 37.71332 401.66 37.71332 curveto
401.73073 37.71332 401.79855 37.74142 401.84856 37.79144 curveto
401.89857 37.84145 401.92668 37.90927 401.92668 37.98 curveto closepath fill
 0 0 0 setrgbcolor 0 0.16667 dtransform truncate idtransform setlinewidth pop
newpath 401.66 37.98 moveto 0 0 rlineto stroke
 0 0.11667 dtransform truncate idtransform setlinewidth pop
newpath 424.25336 39.18 moveto
425.58664 39.18 lineto stroke
 0.11667 0 dtransform exch truncate exch idtransform pop setlinewidth
newpath 424.92 38.51335 moveto
424.92 39.84663 lineto stroke
 0.00002 0.00018 0.00008 setrgbcolor
newpath 425.18668 39.18 moveto
425.18668 39.25072 425.15857 39.31854 425.10855 39.36855 curveto
425.05855 39.41856 424.99072 39.44667 424.92 39.44667 curveto
424.84927 39.44667 424.78145 39.41856 424.73145 39.36855 curveto
424.68143 39.31854 424.65332 39.25072 424.65332 39.18 curveto
424.65332 39.10927 424.68143 39.04144 424.73145 38.99144 curveto
424.78145 38.94142 424.84927 38.91331 424.92 38.91331 curveto
424.99072 38.91331 425.05855 38.94142 425.10855 38.99144 curveto
425.15857 39.04144 425.18668 39.10927 425.18668 39.18 curveto closepath fill
 0 0 0 setrgbcolor 0 0.16667 dtransform truncate idtransform setlinewidth pop
newpath 424.92 39.18 moveto 0 0 rlineto stroke
 0 0.11667 dtransform truncate idtransform setlinewidth pop
newpath 437.17336 43.56 moveto
438.50664 43.56 lineto stroke
 0.11667 0 dtransform exch truncate exch idtransform pop setlinewidth
newpath 437.84 42.89336 moveto
437.84 44.22664 lineto stroke
 0.00002 0.00018 0.00008 setrgbcolor
newpath 438.10667 43.56 moveto
438.10667 43.63072 438.07857 43.69855 438.02855 43.74855 curveto
437.97855 43.79857 437.91072 43.82668 437.84 43.82668 curveto
437.76927 43.82668 437.70145 43.79857 437.65144 43.74855 curveto
437.60143 43.69855 437.57332 43.63072 437.57332 43.56 curveto
437.57332 43.48927 437.60143 43.42145 437.65144 43.37144 curveto
437.70145 43.32143 437.76927 43.29332 437.84 43.29332 curveto
437.91072 43.29332 437.97855 43.32143 438.02855 43.37144 curveto
438.07857 43.42145 438.10667 43.48927 438.10667 43.56 curveto closepath fill
 0 0 0 setrgbcolor 0 0.16667 dtransform truncate idtransform setlinewidth pop
newpath 437.84 43.56 moveto 0 0 rlineto stroke
 0 0.11667 dtransform truncate idtransform setlinewidth pop
newpath 475.88336 102.75 moveto
477.21664 102.75 lineto stroke
 0.11667 0 dtransform exch truncate exch idtransform pop setlinewidth
newpath 476.55 102.08336 moveto
476.55 103.41664 lineto stroke
 0.00002 0.00018 0.00008 setrgbcolor
newpath 476.81668 102.75 moveto
476.81668 102.82072 476.78857 102.88855 476.73856 102.93855 curveto
476.68855 102.98857 476.62073 103.01668 476.55 103.01668 curveto
476.47928 103.01668 476.41145 102.98857 476.36145 102.93855 curveto
476.31143 102.88855 476.28333 102.82072 476.28333 102.75 curveto
476.28333 102.67928 476.31143 102.61145 476.36145 102.56145 curveto
476.41145 102.51143 476.47928 102.48332 476.55 102.48332 curveto
476.62073 102.48332 476.68855 102.51143 476.73856 102.56145 curveto
476.78857 102.61145 476.81668 102.67928 476.81668 102.75 curveto closepath fill
 0 0 0 setrgbcolor 0 0.16667 dtransform truncate idtransform setlinewidth pop
newpath 476.55 102.75 moveto 0 0 rlineto stroke
showpage
%%EOF
