%!PS
%%BoundingBox: -241 -261 241 227 
%%HiResBoundingBox: -240.73833 -260.14923 240.83833 226.23833 
%%Creator: MetaPost 1.209
%%CreationDate: 2017.02.12:1925
%%Pages: 1
%%BeginProlog
%%EndProlog
%%Page: 1 1
 0 0 0 setrgbcolor 0 0.11667 dtransform truncate idtransform setlinewidth pop
 [] 0 setdash 1 setlinecap 1 setlinejoin 10 setmiterlimit
newpath -53.48 78.68 moveto
-52.71 76.6 -51.75 68.38 -51.86 66.65 curveto
-51.98 64.91 -52.42 64.12 -52.39 61.43 curveto
-52.36 58.74 -52.02 57.7 -51.08 56.02 curveto
-50.14 54.33 -48.71 50.65 -47.03 49.48 curveto
-45.34 48.31 -42.88 47.17 -42.58 44.88 curveto
-42.28 42.59 -41.61 36.37 -43.35 32.45 curveto
-45.09 28.52 -48.52 23.75 -50.13 21.27 curveto
-51.75 18.79 -53.86 12.64 -53.29 10.55 curveto
-52.71 8.46 -50.71 4.81 -48.44 3.47 curveto
-46.17 2.14 -45.23 2.57 -43.8 0.9 curveto
-42.38 -0.76 -40.23 -1.53 -40.32 -3.74 curveto
-40.41 -5.96 -38.72 -5.01 -41.55 -6.2 curveto
-44.38 -7.39 -47.13 -5.98 -48.4 -7.58 curveto
-49.67 -9.18 -50.21 -7.95 -50.43 -11.52 curveto
-50.65 -15.08 -50.87 -18.46 -51.61 -21.28 curveto
-52.34 -24.1 -54.13 -26.87 -54.4 -29.29 curveto
-54.68 -31.7 -55.5 -36.74 -54.95 -38.16 curveto
-54.4 -39.57 -52.61 -45.16 -53.73 -47.9 curveto
-54.85 -50.65 -56.45 -55.43 -57.02 -57.67 curveto
-57.59 -59.9 -58.38 -63.5 -56.53 -66 curveto
-54.69 -68.51 -53.62 -72.79 -53.62 -74.81 curveto
-53.63 -76.82 -51.64 -82.4 -50.67 -84.66 curveto
-49.7 -86.92 -45.84 -93.28 -44.56 -96.01 curveto
-43.28 -98.73 -39.09 -104.21 -38.61 -108.32 curveto
-38.13 -112.43 -36.21 -124.64 -36.71 -128.32 curveto
-37.22 -131.99 -36.87 -141.39 -37.77 -144.8 curveto
-38.67 -148.21 -37.17 -153.52 -36.79 -155.42 curveto
-36.42 -157.33 -34.62 -164.84 -33.9 -165.86 curveto
-33.18 -166.88 -29.73 -179.12 -29.76 -182.48 curveto
-29.8 -185.85 -25.2 -193.8 -24.07 -195.38 curveto
-22.94 -196.97 -20.53 -203.2 -19.84 -205.66 curveto
-19.15 -208.13 -16.94 -212.26 -16.65 -216.37 curveto
-16.36 -220.49 -15.08 -221.3 -13.93 -223.17 curveto
-12.79 -225.04 -8.76 -235.03 -7.59 -237.57 curveto
-6.41 -240.11 5.89 -250.4 10.08 -251.65 curveto
14.27 -252.89 18.97 -254.69 21.51 -255.63 curveto
24.05 -256.57 30.81 -261.34 33.53 -259.78 curveto
36.24 -258.21 43.15 -255.96 44.63 -254.74 curveto
46.11 -253.52 48.92 -249.93 51.5 -249.52 curveto
54.07 -249.11 60.33 -245.16 62.24 -242.96 curveto
64.16 -240.76 68.68 -228.53 70.65 -223.35 curveto
72.62 -218.16 78.65 -205.39 80.89 -201.82 curveto
83.12 -198.26 92.76 -182.33 93.97 -181.6 curveto
95.19 -180.88 99.84 -179.51 100.63 -177.93 curveto
101.42 -176.36 102.5 -174.86 102.38 -172.27 curveto
102.26 -169.69 99.42 -166.45 100.93 -163.89 curveto
102.45 -161.32 108.41 -155.17 110.04 -153.08 curveto
111.67 -150.99 113.16 -145.82 114.65 -142.77 curveto
116.14 -139.72 117.95 -131.18 118.18 -127.9 curveto
118.41 -124.63 121.09 -116.04 121.29 -114.11 curveto
121.48 -112.18 121.18 -105.56 122.62 -103.57 curveto
124.06 -101.59 123.77 -101.41 124.31 -98.6 curveto
124.85 -95.78 125.86 -94.68 127.85 -91.99 curveto
129.83 -89.3 135.02 -76.76 136.27 -74.78 curveto
137.52 -72.8 145.62 -56.85 148.26 -53.66 curveto
150.9 -50.46 154.48 -40.87 155.79 -38.02 curveto
157.1 -35.18 156.88 -28.27 156.87 -26.15 curveto
156.87 -24.04 158.45 -16.66 159.49 -14.21 curveto
160.53 -11.76 161.83 -6.8 162.91 -3.09 curveto
163.99 0.61 166.83 7.66 167.19 8.25 curveto
167.54 8.85 167.96 12.23 170.39 9.56 curveto
172.82 6.88 175.24 6.51 176.87 6.59 curveto
178.5 6.67 183.05 6.11 184.89 5.81 curveto
186.73 5.51 190.12 4.81 190.73 2.14 curveto
191.33 -0.52 193.32 -6.1 193.47 -9.26 curveto
193.62 -12.42 194.31 -19.02 195.68 -21.65 curveto
197.06 -24.28 199.9 -31.74 205.37 -31.58 curveto
210.84 -31.42 218.23 -33.19 219.35 -30.44 curveto
220.47 -27.7 224.19 -20.9 224.99 -17.49 curveto
225.8 -14.09 228.58 -12.04 231.39 -8.26 curveto
234.19 -4.48 238.99 -0.21 240.78 0.45 curveto stroke
newpath 227.49 15.59 moveto
225.68 13.2 224.5 15.64 222.11 15.43 curveto
219.72 15.22 221.5 14.15 216.42 11.71 curveto
211.35 9.26 205.23 18.77 203.43 20.42 curveto
201.62 22.07 196.98 26.75 193.77 31.79 curveto
190.55 36.83 187.52 33.9 186.45 34.04 curveto
185.39 34.19 182.57 37.03 181.39 39.67 curveto
180.21 42.3 179.14 46.68 178.29 48.27 curveto
177.45 49.86 172.23 50.58 167.94 49.71 curveto
163.66 48.84 161.7 47.5 160.44 45.8 curveto
159.17 44.11 159.37 37.87 159.19 35.46 curveto
159.01 33.05 158.46 26.39 156.48 23.42 curveto
154.51 20.44 152.8 13.73 152.39 10.16 curveto
151.98 6.58 149.57 0.51 148.38 -0.7 curveto
147.19 -1.9 143.23 -7.76 142.54 -9.43 curveto
141.85 -11.09 140.49 -21.15 139 -26.22 curveto
137.51 -31.28 133.13 -40.52 131.66 -43.95 curveto
130.19 -47.39 129.32 -49.35 129.15 -53.97 curveto
128.98 -58.59 125.94 -61.42 124.33 -63.9 curveto
122.71 -66.38 116.22 -77.73 115.15 -81.44 curveto
114.07 -85.14 111.15 -98.73 110.32 -101.46 curveto
109.48 -104.19 106.33 -110.77 104.55 -113.84 curveto
102.77 -116.9 101 -122.17 98.76 -127.75 curveto
96.52 -133.34 88.48 -146.21 86.47 -148.42 curveto
84.45 -150.62 79.54 -160.56 76.91 -165.97 curveto
74.28 -171.38 70.37 -180.31 67.34 -185.44 curveto
64.31 -190.58 55.31 -199.46 53.45 -200.8 curveto stroke
newpath 53.45 -200.8 moveto
50.51 -205.84 lineto
48.1 -209.79 lineto
45.82 -212.4 lineto
45.82 -212.4 43.56 -213.37 43.29 -213.67 curveto
43.01 -213.97 42.96 -214.84 42.32 -213.62 curveto
41.69 -212.4 40.21 -211.51 40.42 -209.86 curveto
40.63 -208.22 40.92 -208.3 41.6 -206.44 curveto
42.29 -204.59 42.72 -203.51 43.34 -202.42 curveto
43.96 -201.34 45.53 -199.92 46.07 -199.22 curveto stroke
newpath 40.85 -192.45 moveto
40.85 -192.45 39.8 -194.61 39.23 -194.73 curveto
38.66 -194.86 35.88 -195.08 35.49 -194.91 curveto
35.1 -194.74 34.02 -194.31 33.72 -194.03 curveto
33.42 -193.76 32.33 -193.14 31.82 -192.39 curveto
31.3 -191.65 31.15 -190.5 30.81 -189.36 curveto
30.47 -188.22 29.98 -188.06 30.42 -187.07 curveto
30.85 -186.09 31.1 -185.31 31.37 -184.92 curveto stroke
newpath 23.44 -181.73 moveto
22.9 -182.43 22.67 -183.69 20.89 -184.64 curveto
19.1 -185.59 20.55 -185.71 18.35 -185.81 curveto
16.14 -185.92 15.63 -185.36 14.46 -184.94 curveto
13.29 -184.51 9.39 -182.39 9.39 -182.39 curveto stroke
newpath 9.39 -182.39 moveto
9.3 -181.38 6.83 -176.88 6.49 -175.7 curveto
6.14 -174.51 2.54 -165.36 2.32 -163.69 curveto
2.1 -162.02 2.98 -158.32 3.36 -157.1 curveto
3.74 -155.89 4.17 -149.67 4.58 -148.21 curveto
4.99 -146.74 4.77 -142.96 5.23 -141.59 curveto
5.7 -140.22 5.58 -138.74 5.1 -137.66 curveto
4.61 -136.57 3.91 -132.76 3.4 -130.14 curveto
2.89 -127.53 2.91 -126.95 3.53 -124.66 curveto
4.14 -122.37 2.58 -116.78 2.67 -114.51 curveto
2.76 -112.25 1.87 -106.62 1.71 -104.28 curveto
1.55 -101.93 -1.17 -97.15 -2.05 -95.8 curveto
-2.93 -94.45 -3.64 -93.62 -4.42 -92.26 curveto
-5.21 -90.9 -7.07 -88.11 -7.66 -85.83 curveto
-8.24 -83.55 -7.13 -81.67 -6.65 -80.5 curveto
-6.18 -79.32 -3.97 -77.29 -2.99 -75.52 curveto
-2.02 -73.74 -0.94 -73.31 -0.24 -71.74 curveto
0.46 -70.17 2.56 -66.85 4.15 -63.8 curveto
5.73 -60.74 7.33 -53.75 7.1 -50.78 curveto
6.86 -47.81 2.37 -41.15 0.8 -39.4 curveto
-0.77 -37.65 -4.21 -33 -5.32 -30.94 curveto
-6.42 -28.88 -8.52 -26.19 -9.95 -23.18 curveto
-11.39 -20.17 -10.47 -20.46 -9.65 -17.4 curveto
-8.83 -14.33 -7.78 -15.2 -6.44 -14.12 curveto
-5.09 -13.05 -4.27 -11.19 -4.02 -9.35 curveto
-3.77 -7.51 -5.81 1.28 -6.45 3.7 curveto
-7.09 6.12 -8.4 8.37 -9.07 11.32 curveto
-9.73 14.27 -9.44 16.3 -9.46 18.7 curveto
-9.47 21.1 -7.06 28.13 -6.59 29.26 curveto
-6.11 30.39 -5.1 32.4 -5.79 34.92 curveto
-6.49 37.43 -6.22 38.89 -5.91 40.44 curveto
-5.59 41.99 -4.75 43.47 -4.58 46.08 curveto
-4.42 48.68 -4.79 48.52 -5.87 50.97 curveto stroke
newpath -5.87 50.97 moveto
-5.87 50.97 -7.97 52.74 -8.97 53.66 curveto
-9.98 54.57 -11.07 55.29 -12.58 56.75 curveto
-14.09 58.22 -15.26 58.65 -16.74 59.44 curveto
-18.22 60.24 -19.33 59.42 -23.19 59.82 curveto
-27.06 60.21 -25.27 60.97 -27.36 62.6 curveto
-29.46 64.23 -28.76 63.78 -30.45 65.05 curveto
-32.15 66.32 -32.57 67.07 -33 68.2 curveto
-33.44 69.33 -32.7 69.94 -32.07 70.93 curveto
-31.45 71.92 -27.81 75.22 -27.81 75.22 curveto stroke
newpath -27.81 75.22 moveto
-27.19 76.45 -26.96 77.71 -26.24 79.76 curveto
-25.52 81.81 -22.73 90.02 -22.64 92.28 curveto
-22.56 94.54 -22.2 96.24 -22.15 100.23 curveto
-22.1 104.22 -22.31 105.65 -21.67 106.31 curveto
-21.02 106.96 -19.76 111.87 -19.84 113.41 curveto
-19.91 114.94 -19.1 118.2 -18.46 120.01 curveto
-17.82 121.81 -17.98 123.15 -16.93 125.27 curveto
-15.87 127.38 -15.48 129.18 -14.71 130.18 curveto
-13.94 131.17 -13.89 134.3 -13.69 136.23 curveto
-13.49 138.16 -13.61 142.82 -12.7 144.93 curveto
-11.79 147.04 -9.64 150.36 -8.88 150.54 curveto
-8.12 150.71 -3.6 160.01 -2.45 161.12 curveto
-1.3 162.23 2.58 172.65 3.14 174.11 curveto stroke
newpath 3.14 174.11 moveto
3.14 174.11 3.22 175.42 3.65 176.49 curveto
4.09 177.57 4.04 178.43 4.18 179.59 curveto
4.32 180.75 4.38 181.53 4.89 182.89 curveto
5.41 184.26 4.98 187.22 4.76 187.89 curveto
4.53 188.55 3.36 191.09 2.78 193.27 curveto
2.19 195.46 2.26 196.03 2.02 197.18 curveto
1.77 198.32 2.12 201.12 2.62 202.68 curveto
3.13 204.24 3.29 204.92 4.17 206.6 curveto
5.06 208.27 5.68 209.27 6.09 210.92 curveto
6.49 212.57 6.83 213.45 7.73 214.84 curveto
8.62 216.23 8.71 216.52 9.42 217.7 curveto
10.13 218.89 10.34 220.73 11.05 221.91 curveto
11.76 223.1 11.41 224.43 11.3 224.81 curveto
11.19 225.19 9.7 226.18 9.7 226.18 curveto
9.7 226.18 9.12 224.13 8.57 223.53 curveto
8.02 222.93 8.33 222.56 7.53 221.08 curveto
6.74 219.6 6.6 218.44 5.88 217.35 curveto
5.16 216.26 5.39 215.5 4.52 213.54 curveto
3.65 211.57 3.19 211.17 2.31 209.49 curveto
1.42 207.82 0.88 207.21 0.24 206.42 curveto
-0.4 205.62 -0.47 205.13 -1.17 203.76 curveto
-1.88 202.38 -2.27 202.55 -3.62 200.66 curveto
-4.98 198.77 -5.62 198.07 -7.09 196.75 curveto
-8.57 195.43 -8.98 195.99 -9.93 195.66 curveto
-10.87 195.33 -13.96 193.45 -17.15 191.96 curveto
-20.35 190.46 -18.83 190.73 -19.83 189.62 curveto
-20.84 188.52 -22.23 187.4 -23.57 185.22 curveto
-24.91 183.04 -22.95 184.38 -26.58 181.72 curveto
-30.2 179.05 -28.23 180 -29.67 177.92 curveto
-31.11 175.83 -32.95 174.21 -34.15 173 curveto
-35.34 171.79 -37.05 169.31 -39.13 166.42 curveto
-41.2 163.54 -41.14 164.31 -42.76 161.83 curveto
-44.37 159.36 -45.37 158.06 -46.06 156.49 curveto
-46.76 154.92 -47.8 154.58 -48.81 153.48 curveto
-49.81 152.37 -50.48 150.23 -51.49 149.12 curveto stroke
newpath -51.49 149.12 moveto
-52.08 149.58 -58.59 146.96 -61.87 145.18 curveto
-65.15 143.39 -72.18 139.6 -74.79 137.85 curveto
-77.4 136.09 -84.13 129.92 -88.34 125.4 curveto
-92.55 120.87 -96.38 112.33 -97.47 109.02 curveto
-98.57 105.7 -104.48 102.63 -106.46 101.87 curveto
-108.45 101.1 -112.61 99.66 -113.49 97.98 curveto
-114.37 96.31 -121.83 89.33 -123.7 88.19 curveto
-125.57 87.04 -131.2 84.18 -133.02 84 curveto
-134.84 83.82 -137.25 81.98 -137.5 81.29 curveto
-137.76 80.61 -143.4 73.81 -144.68 72.31 curveto
-145.95 70.81 -146.44 70.88 -147.8 71.3 curveto
-149.17 71.72 -148.75 71.06 -149.99 70.91 curveto
-151.24 70.75 -159.03 66.83 -163.17 62.8 curveto
-167.3 58.76 -174.65 59.76 -177.93 59.99 curveto
-181.21 60.23 -193.05 50.35 -196.3 47.89 curveto
-199.55 45.43 -204.8 38.56 -206 35.52 curveto
-207.21 32.49 -209.9 24.29 -211.18 22.79 curveto
-212.45 21.29 -216.24 16.02 -218.38 12.36 curveto
-220.52 8.71 -226.16 -6.36 -227.54 -7.58 curveto
-228.93 -8.79 -231.38 -9.68 -232.24 -9.81 curveto
-233.1 -9.95 -234.95 -13.59 -236 -15.66 curveto
-237.06 -17.73 -237.4 -18.8 -238.32 -19.52 curveto
-239.25 -20.23 -240.68 -20.59 -240.68 -20.59 curveto stroke
newpath -220.33 -65.19 moveto
-220.33 -65.19 -222.78 -62.13 -223.12 -59.07 curveto
-223.45 -56.01 -223.03 -52.73 -221.74 -51.61 curveto
-220.44 -50.49 -214.6 -50.03 -214.16 -47.12 curveto
-213.72 -44.22 -214.81 -43.6 -214.58 -40.22 curveto
-214.35 -36.85 -212.54 -34.55 -210.89 -32.84 curveto
-209.24 -31.13 -208.39 -30.8 -207.83 -28.38 curveto
-207.27 -25.95 -202.09 -19.55 -200.84 -17.57 curveto
-199.58 -15.59 -189.78 -7.45 -187.72 -6.2 curveto
-185.67 -4.95 -174.96 0.45 -173.71 6.57 curveto
-172.46 12.68 -169.91 11.64 -168.9 12.75 curveto
-167.9 13.85 -161.28 14.16 -159.84 14.23 curveto
-158.4 14.3 -154.35 13.81 -153.51 14.52 curveto
-152.68 15.23 -154.08 16.42 -151.5 16.73 curveto
-148.92 17.04 -144.89 17.23 -144.83 17.81 curveto
-144.76 18.39 -143.58 17.87 -143.75 19.5 curveto
-143.92 21.12 -143.31 20.28 -141.03 20.87 curveto
-138.75 21.46 -133.27 21.52 -133.07 23.26 curveto
-132.86 25 -133.82 24.96 -132.73 26.35 curveto
-131.64 27.75 -130.25 28.77 -129.24 29.88 curveto
-128.24 30.98 -127.95 35.22 -126.3 36.84 curveto
-124.64 38.45 -121.3 41.01 -119.49 43.31 curveto
-117.67 45.6 -114.53 46.23 -113.25 51.67 curveto
-111.96 57.11 -111.01 59.37 -110.33 61.13 curveto
-109.64 62.89 -107.71 69.04 -106.37 71.02 curveto
-105.02 73.01 -103.62 77.98 -102.64 79.65 curveto
-101.66 81.33 -96.59 83.97 -95.75 84.49 curveto
-94.91 85.01 -91.94 89.38 -91.05 90.77 curveto
-90.15 92.16 -88.34 98.68 -86.84 99.52 curveto
-85.35 100.36 -84.03 100.99 -82.3 103.09 curveto
-80.57 105.19 -76.63 107.2 -75.15 108.33 curveto
-73.66 109.45 -64.87 114.57 -63.26 115.22 curveto
-61.66 115.88 -55.4 123.86 -54.32 125.44 curveto
-53.24 127.03 -48.25 131.21 -45.62 130.56 curveto
-43 129.91 -39.23 129.51 -38.29 129.94 curveto
-37.35 130.37 -34.39 132.91 -35.06 130.76 curveto
-35.73 128.62 -36.93 127.6 -36.79 124.63 curveto
-36.65 121.66 -36.18 115.62 -36.01 114 curveto
-35.84 112.37 -36.42 106.39 -37.84 105.84 curveto
-39.25 105.29 -40.17 102.17 -41.56 99.03 curveto
-42.95 95.89 -42.61 90.82 -46.67 87.17 curveto
-50.73 83.52 -51.03 81.77 -51.47 80.89 curveto
-51.91 80 -53.48 78.68 -53.48 78.68 curveto stroke
showpage
%%EOF
